0	5	本文总结了十个可穿戴产品的设计原则	0.4706	0.7273	0.5714	0.375	0.6	0.4615	0.4	0.6667	0.5
1	5	以iPhone为代表的触屏智能手机已经席卷全球各个角落	0.2963	0.381	0.3333	0.1538	0.2	0.1739	0.1111	0.1429	0.125
2	5	并推出了免税方式剥离其持有的阿里巴巴集团15％股权的计划	0.25	0.5833	0.35	0.2143	0.5	0.3	0.1111	0.25	0.1538
3	5	51信用卡管家创始人孙海涛说	0.6429	0.375	0.4737	0.4286	0.25	0.3158	0.25	0.125	0.1667
4	5	我所学的语言日后能否成为我获取好生活的保障	0.1905	0.2667	0.2222	0.0	0.0	0.0	0.0	0.0	0.0
5	5	媒体的体制、内容、技术就应该向哪里转变	0.1053	0.1818	0.1333	0.1111	0.2	0.1429	0.0	0.0	0.0
6	5	这部分希望下车就能踏上骑游旅程的旅客	0.2222	0.4444	0.2963	0.0	0.0	0.0	0.0	0.0	0.0
7	5	下午北京警方官方微博发布声明通报情况	0.2222	0.25	0.2353	0.2222	0.25	0.2353	0.1667	0.2	0.1818
8	5	生态衰则文明衰——这是对人类文明发展规律的深刻总结	0.48	0.8571	0.6154	0.4167	0.7143	0.5263	0.25	0.5	0.3333
9	5	中联航空成都飞北京一架航班被发现有多人吸烟	0.6667	0.6087	0.6364	0.5	0.4545	0.4762	0.2857	0.2857	0.2857
10	5	曾精心搭建的政商“朋友圈”逐渐浮出水面	0.3158	0.2609	0.2857	0.1111	0.0909	0.1	0.1667	0.1429	0.1538
11	5	中共中央政治局常委、中央书记处书记刘云山登门看望了国家最高科技奖获得者于敏、张存浩	0.1951	0.7273	0.3077	0.1	0.4	0.16	0.0769	0.3333	0.125
12	5	报告要求加强金融机构风险处置机制建设	0.2222	0.2	0.2105	0.0	0.0	0.0	0.0	0.0	0.0
13	5	河北易县一位不愿透露姓名的官员表示	0.3529	0.2857	0.3158	0.375	0.3	0.3333	0.2	0.1429	0.1667
14	5	有34项关系投资创业、10项旨在推动科研创新、8项涉及资质资格	0.0968	0.2143	0.1333	0.0667	0.1429	0.0909	0.0	0.0	0.0
15	5	马云在京以私人名义邀请微软创始人比尔·盖茨吃饭	0.087	0.087	0.087	0.0909	0.0909	0.0909	0.0	0.0	0.0
16	5	股权层面出让部分空间的意义有限	0.1333	0.087	0.1053	0.0	0.0	0.0	0.0	0.0	0.0
17	5	明确提出北京支持天津积极争取批准建立中国自由贸易试验区	0.3704	0.4762	0.4167	0.0769	0.1	0.087	0.0	0.0	0.0
18	5	聚美优品创始人兼CEO陈欧发出长微博《你永远不知道	0.32	0.3478	0.3333	0.1667	0.1818	0.1739	0.0	0.0	0.0
19	5	国际油价暴跌让中国笑逐颜开	0.3846	0.2174	0.2778	0.3333	0.1818	0.2353	0.0	0.0	0.0
20	5	周其凤2012年在长沙一中发表演讲时批评美国教育失败引起争议	0.1333	0.1905	0.1569	0.0667	0.1	0.08	0.0	0.0	0.0
21	5	越来越多的农村消费者对集市商店里的假冒伪劣商品很不满意	0.1111	0.1429	0.125	0.0769	0.1	0.087	0.0	0.0	0.0
22	5	“鬼城”现象正逐渐成为小城市中的普遍现象	0.45	0.45	0.45	0.2	0.2	0.2	0.1667	0.1667	0.1667
23	5	湖北省十一家奥迪经销商高管集体赴京	0.8235	0.6087	0.7	0.625	0.4545	0.5263	0.6	0.4286	0.5
24	5	让山东长星集团董事长朱玉国付出了沉重的代价	0.0952	0.087	0.0909	0.1	0.0909	0.0952	0.0	0.0	0.0
25	5	依靠外需不足以支撑经济平稳平衡发展	0.0	0.0	0.0	0.0	0.0	0.0	0.0	0.0	0.0
26	5	空军将派大量的F-22猛禽、F-35闪电II和B-2隐身轰炸机到该地区	0.0857	0.1429	0.1071	0.0	0.0	0.0	0.0	0.0	0.0
27	5	中纪委先后宣布山西省委常委、统战部长白云、山西省副省长任润厚涉嫌严重违纪违法被查	0.175	0.4375	0.25	0.1	0.25	0.1429	0.0	0.0	0.0
28	5	决定对国务院已出台政策措施落实情况开展全面督查	0.1304	0.1765	0.15	0.0909	0.125	0.1053	0.0	0.0	0.0
29	5	北京市从90年代推出、均价始终维持在每平方米4000元左右的经济适用房将成为历史	0.35	0.875	0.5	0.15	0.375	0.2143	0.0769	0.2	0.1111
30	5	世界各国政府在提供公路基础设施过程中都面临这样一个艰难的选择	0.2	0.2609	0.2264	0.0	0.0	0.0	0.0	0.0	0.0
31	5	李克强总理18日在美药典公司餐厅与10家进驻自贸区的中外企业家座谈	0.303	0.625	0.4082	0.1875	0.375	0.25	0.1818	0.4	0.25
32	5	另一方面很可能探讨以丙类户治理为重点的改革内容	0.0	0.0	0.0	0.0	0.0	0.0	0.0	0.0	0.0
33	5	江苏融泰石油科技股份有限公司实际控制人许才良出逃美国	0.0385	0.0588	0.0465	0.0	0.0	0.0	0.0	0.0	0.0
34	5	总部位于日内瓦的世界经济论坛发布了《2014-2015年全球竞争力报告》	0.2222	0.381	0.2807	0.1111	0.2	0.1429	0.0833	0.1429	0.1053
35	5	没有设置室外吸烟点的视为全面禁止吸烟	0.4444	0.3636	0.4	0.3333	0.2727	0.3	0.1667	0.1429	0.1538
36	5	新东方创始人徐小平的演讲引起500多名教育行业创业者的思考和轰动	0.2188	0.4375	0.2917	0.125	0.25	0.1667	0.2	0.4	0.2667
37	5	加上目前正在四大产权交易所挂牌转让的世纪证券、申银万国、云南证券等	0.2727	0.4286	0.3333	0.1875	0.3	0.2308	0.0	0.0	0.0
38	5	是一位对两岸事务有深入了解、充分掌握的领导人、老朋友	0.0769	0.1111	0.0909	0.0	0.0	0.0	0.0	0.0	0.0
39	5	方案的核心内容是确立电网企业新的盈利模式	0.35	0.3043	0.3256	0.2	0.1818	0.1905	0.0	0.0	0.0
40	5	前教育部新闻发言人、现语文出版社社长王旭明作客岭南大讲坛·公众论坛	0.2727	0.45	0.3396	0.125	0.2	0.1538	0.1818	0.3333	0.2353
41	5	阿里巴巴可能在IPO(首次公开招股)时使估值低于分析师预期的22%	0.2727	0.5625	0.3673	0.125	0.25	0.1667	0.0909	0.2	0.125
42	5	美国司法部曾指控该行在金融危机爆发前向消费者出售劣质住房抵押贷款支持证券（MBS）	0.0488	0.125	0.0702	0.0	0.0	0.0	0.0	0.0	0.0
43	5	凡客旗下自有物流服务公司如风达大幅裁员2000人	0.125	0.1579	0.1395	0.0833	0.1111	0.0952	0.0	0.0	0.0
44	5	如果延长养老保险缴费年限	0.5833	0.35	0.4375	0.0	0.0	0.0	0.0	0.0	0.0
45	5	中国反垄断调查风暴继续席卷汽车行业	0.2941	0.2083	0.2439	0.125	0.0833	0.1	0.2	0.125	0.1538
46	5	是部分地方政府盲目举债的隐忧及无力还债的现实	0.1364	0.1304	0.1333	0.0	0.0	0.0	0.0	0.0	0.0
47	5	91.6%的人关注所在城市的排水问题	0.1111	0.0909	0.1	0.0	0.0	0.0	0.0	0.0	0.0
48	5	2013年服务业增加值占经济总量比重为46.1%	0.4167	0.4545	0.4348	0.1667	0.1818	0.1739	0.125	0.1429	0.1333
49	5	瓦尔斯总理在法国驻上海总领馆会见了京东集团创始人兼CEO刘强东并共进午餐	0.4167	0.75	0.5357	0.1667	0.3	0.2143	0.0	0.0	0.0
50	5	2012年全球电信运营商短信营收损失将达230亿美元	0.1154	0.1765	0.1395	0.0	0.0	0.0	0.0	0.0	0.0
51	5	又一位券商固收高管被卷入“债市打黑”风暴	0.15	0.15	0.15	0.1	0.1	0.1	0.0	0.0	0.0
52	5	这说明当时在生产线上相关的管理者是知道碱水混入到牛奶之中	0.4286	0.5	0.4615	0.2857	0.3333	0.3077	0.2222	0.25	0.2353
53	5	是履职山东的郭树清面临的新考验	0.4	0.2857	0.3333	0.2857	0.2	0.2353	0.4	0.2857	0.3333
54	5	以购物为主要内容的“扫货游”成为出境游的重要内容	0.0833	0.2222	0.1212	0.0	0.0	0.0	0.0	0.0	0.0
55	5	我不认为目前收入差距扩大的主要原因是腐败	0.15	0.15	0.15	0.1	0.1	0.1	0.0	0.0	0.0
56	5	兰州贾家堡村民贾玉国无论如何都不会想到	0.0526	0.1111	0.0714	0.0	0.0	0.0	0.0	0.0	0.0
57	5	盲足老将林金标这次没有去参加集训	0.125	0.1	0.1111	0.125	0.1	0.1111	0.0	0.0	0.0
58	5	员工上午、下午上班前第一件事情就是去表上标记自己的心情状况	0.2069	0.3158	0.25	0.1429	0.2222	0.1739	0.0	0.0	0.0
59	5	公司现任CEO库克向全体员工发布邮件怀念这位苹果公司的精神领袖	0.2581	0.8	0.3902	0.1333	0.4	0.2	0.0	0.0	0.0
60	5	艾滋病感染者和病人数累计报告数排在前6位的省份依次为云南、广西、河南、四川、新疆和广东	0.0698	0.1765	0.1	0.0476	0.125	0.069	0.0714	0.2	0.1053
61	5	北京市大兴区摔死女童案犯罪嫌疑人韩某、李某分别因涉嫌故意杀人罪和窝藏罪	0.2571	0.75	0.383	0.1176	0.3333	0.1739	0.0909	0.25	0.1333
62	5	陈建华透露广州PM2.5最主要的来源	0.4444	0.381	0.4103	0.2222	0.2	0.2105	0.1667	0.1429	0.1538
63	5	就是不肯把仨瓜俩枣的工钱支付给农民工	0.5556	0.4545	0.5	0.3333	0.2727	0.3	0.3333	0.2857	0.3077
64	5	欧洲央行行长德拉吉的一句话挽救欧美股市于水火	0.2727	0.3158	0.2927	0.0909	0.1111	0.1	0.1429	0.1667	0.1538
65	5	土耳其航空公司6月9日从伊斯坦布尔飞往北京的TK020航班	0.1379	0.2353	0.1739	0.0714	0.125	0.0909	0.1111	0.2	0.1429
66	5	那些“犯错”的银行损失了什么	0.2857	0.3333	0.3077	0.1429	0.1667	0.1538	0.0	0.0	0.0
67	5	上万红酒…太古汇的华润万家Ole’超市一向标榜“高品质服务高端人群”	0.1471	0.2381	0.1818	0.0588	0.1	0.0741	0.0	0.0	0.0
68	5	在同县委书记研修班学员座谈时总书记说	0.2778	0.4167	0.3333	0.2222	0.3333	0.2667	0.1667	0.25	0.2
69	5	无奈又气愤的菜农拉着2000多斤黄花菜到该县行政服务中心抛撒	0.3	0.4286	0.3529	0.0667	0.1	0.08	0.1	0.1429	0.1176
70	5	俄罗斯央行公布的11月7日的外储总额为4210亿美元	0.3462	0.5	0.4091	0.2308	0.3333	0.2727	0.25	0.3333	0.2857
71	5	重点科室的负责人逐渐被替换为西医或中西医结合的专家	0.24	0.5455	0.3333	0.0833	0.2	0.1176	0.125	0.3333	0.1818
72	5	”某团购越南新娘活动吸引了11800余名网友参与	0.4583	0.55	0.5	0.4167	0.5	0.4545	0.125	0.1667	0.1429
73	5	顶着清华博士光环的陈达连续七个月求职未果	0.3	0.3	0.3	0.3	0.3	0.3	0.1667	0.1667	0.1667
74	5	首套房“认贷不认房”政策在不少银行落地执行	0.1429	0.1364	0.1395	0.0	0.0	0.0	0.0	0.0	0.0
75	5	当他们来到景区一书院办理入住登记时	0.0	0.0	0.0	0.0	0.0	0.0	0.0	0.0	0.0
76	5	中共广东省委十一届一次全会选举汪洋、朱小丹、朱明国、黄先耀、王荣、李玉妹、林雄、徐少华、林木声、庹震、万庆良、黄善春、李嘉为中共广东省第十一届委员会常务委员会委员	0.1111	0.8182	0.1957	0.0	0.0	0.0	0.0	0.0	0.0
77	5	天津、厦门、合肥、成都、西安等地方政府也在筹备基金政策	0.1481	0.3077	0.2	0.0769	0.1667	0.1053	0.0	0.0	0.0
78	5	说没有阶级观点……这是毛主席一生没有解决的问题	0.5217	0.6316	0.5714	0.4545	0.5556	0.5	0.2857	0.3333	0.3077
79	5	知青杨雨田上厕所时忘带手纸	0.3077	0.2	0.2424	0.3333	0.2	0.25	0.0	0.0	0.0
80	5	王亚伟遭遇了成名以来的最窘境	0.7857	0.5789	0.6667	0.2857	0.2222	0.25	0.25	0.1667	0.2
81	5	帮助客户进行终身的个人财富管理	0.2667	0.2857	0.2759	0.1429	0.1429	0.1429	0.0	0.0	0.0
82	5	这也能解释为何纳税百强的榜单中鲜少互联网公司的身影	0.16	0.2857	0.2051	0.0833	0.1429	0.1053	0.125	0.25	0.1667
83	5	相比韩国占据压倒性优势	0.5455	0.25	0.3429	0.4	0.1667	0.2353	0.3333	0.125	0.1818
84	5	在金锣火腿肠中吃出了类似石子的异物	0.2353	0.2105	0.2222	0.25	0.2222	0.2353	0.0	0.0	0.0
85	5	“如果你把打人的人扣留起来	0.1538	0.0909	0.1143	0.0	0.0	0.0	0.0	0.0	0.0
86	5	因省钱而花钱的做法是最大的错误	0.1333	0.087	0.1053	0.1429	0.0909	0.1111	0.0	0.0	0.0
87	5	限购限价政策本应逐步退出市场	0.5	0.3182	0.3889	0.4286	0.2727	0.3333	0.25	0.1429	0.1818
88	5	@沃尔玛中国官方微博进行了辟谣	0.3333	0.2174	0.2632	0.2857	0.1818	0.2222	0.2	0.1429	0.1667
89	5	索尼、夏普、#松下#这些曾经的行业领军企业开始走下坡路	0.0741	0.1	0.0851	0.0769	0.1	0.087	0.0	0.0	0.0
90	5	当时民警建议先发动家人亲戚朋友从张家到学校一线找一找	0.0769	0.1538	0.1026	0.0	0.0	0.0	0.0	0.0	0.0
91	5	南京工商局在食品抽检中发现贵州茅台生产的高级干红葡萄酒存在商标不规范等问题	0.1892	0.35	0.2456	0.0556	0.1	0.0714	0.0	0.0	0.0
92	5	20.5%的消费者表示“在商场看展览环境更舒适”	0.25	0.375	0.3	0.0833	0.125	0.1	0.0	0.0	0.0
93	5	猎头选人的时候看重哪些	0.1818	0.1818	0.1818	0.2	0.2	0.2	0.0	0.0	0.0
94	5	王亚伟“不爱”银行股	0.8	0.4444	0.5714	0.4	0.2222	0.2857	0.3333	0.1667	0.2222
95	5	小龙死于爆炸时迸射出来的铁片	0.3571	0.3333	0.3448	0.1429	0.1429	0.1429	0.0	0.0	0.0
96	5	leadcf)端口而开发的移动互联网金融O2O微官网平台(wap.leadbank.com.cn)已正式上线运行	0.3393	0.8261	0.481	0.2857	0.7273	0.4103	0.2222	0.5714	0.32
97	5	习式反腐是超越个人利益之上的	0.2143	0.2727	0.24	0.1429	0.2	0.1667	0.0	0.0	0.0
98	5	就是不肯把仨瓜俩枣的工钱支付给农民工	0.5556	0.4545	0.5	0.3333	0.2727	0.3	0.3333	0.2857	0.3077
99	5	美国政府关门的影响看似好像只是局限在美国本土	0.3182	0.5833	0.4118	0.2727	0.5	0.3529	0.1429	0.25	0.1818
100	5	5月8日海口市对76家供应点的大白菜、莲花白、小黄白、上海青4种蔬菜执行政府限价	0.25	0.5263	0.339	0.1	0.2222	0.1379	0.0	0.0	0.0
101	5	正是酝酿将南北车合并	0.5	0.2632	0.3448	0.4	0.2222	0.2857	0.3333	0.1667	0.2222
102	5	中国建行资产24495亿美元	0.2857	0.1667	0.2105	0.1429	0.0833	0.1053	0.0	0.0	0.0
103	5	因省钱而花钱的做法是最大的错误	0.1333	0.087	0.1053	0.1429	0.0909	0.1111	0.0	0.0	0.0
104	5	今后实行“属于企业经营自主权的事项	0.1765	0.1429	0.1579	0.125	0.1	0.1111	0.0	0.0	0.0
105	5	建议取消征收社会抚养费	0.8182	0.4737	0.6	0.8	0.4444	0.5714	0.6667	0.3333	0.4444
106	5	立遗嘱听起来似乎是不好的事	0.2308	0.3333	0.2727	0.1667	0.25	0.2	0.25	0.3333	0.2857
107	5	又极可能发生假药泛滥、用药危险	0.3333	0.25	0.2857	0.1429	0.1	0.1176	0.0	0.0	0.0
108	5	由27位传播及企业界资深人士联合发起成立的公益性组织---正知书院举办了其首届传播创新峰会	0.2667	0.5455	0.3582	0.2273	0.4545	0.303	0.0667	0.1429	0.0909
109	5	部分早退休领取最低养老金的人群或因无力购护理服务陷入“银发贫困状态”	0.2353	0.381	0.2909	0.0588	0.1	0.0741	0.0	0.0	0.0
110	5	极速物流带来的用户体验已经成为电商争抢订单的杀手锏	0.44	0.5238	0.4783	0.3333	0.4	0.3636	0.125	0.1429	0.1333
111	5	途牛旅游网周五向美国证券交易委员会提交了招股说明书	0.28	0.3043	0.2917	0.1667	0.1818	0.1739	0.0	0.0	0.0
112	5	社区书记带头扒她衣裤	0.7	0.35	0.4667	0.6	0.3	0.4	0.3333	0.1667	0.2222
113	5	现有运营商向OTT业务只收取宽带租赁费或包月流量费模式已被普遍认为后果严重	0.4324	0.7619	0.5517	0.1667	0.3	0.2143	0.1667	0.2857	0.2105
114	5	结构性货币政策加上存款利率双轨制导致利率结构严重扭曲	0.2308	0.2727	0.25	0.2308	0.2727	0.25	0.125	0.1429	0.1333
115	5	吴英父亲因涉嫌诬告陷害东阳市副市长陈军在被刑拘36天后	0.3704	0.4762	0.4167	0.2308	0.3	0.2609	0.2222	0.2857	0.25
116	5	实际此次涨薪将额外增加铁总72亿人力成本	0.65	0.619	0.6341	0.2	0.2	0.2	0.0	0.0	0.0
117	5	国航8月4日在其官网上发布了针对部分国际航线推出的“座享其程”收费选座服务	0.2703	0.4762	0.3448	0.1667	0.3	0.2143	0.0	0.0	0.0
118	5	巴东一处商业楼盘竟建到了长江主河道江面上	0.4	0.4	0.4	0.3	0.3	0.3	0.0	0.0	0.0
119	5	以下7个问题是婚姻里最难解决的	0.4	0.3529	0.375	0.2857	0.25	0.2667	0.0	0.0	0.0
120	5	❶联想与EMC成立合资公司	0.0	0.0	0.0	0.0	0.0	0.0	0.0	0.0	0.0
121	5	专家称“简单来说就是要求央企的工资收入包括奖金要和企业的绩效挂钩”	0.1818	0.2857	0.2222	0.1875	0.3	0.2308	0.0909	0.1429	0.1111
122	5	雅虎邮箱则迫切需要彻底改进	0.3846	0.2273	0.2857	0.3333	0.1818	0.2353	0.25	0.1429	0.1818
123	5	父母悲痛之余捐献出他的一个肝脏、两个肾脏、一双眼角膜	0.1538	0.1905	0.1702	0.0	0.0	0.0	0.0	0.0	0.0
124	5	在巴基斯坦接壤印度的巴方边境口岸瓦格赫发生了一起自杀式炸弹袭击	0.3548	0.6471	0.4583	0.2667	0.5	0.3478	0.1	0.2	0.1333
125	5	今年23岁的谭凤(化名)在四川郫县一家民办幼儿园工作	0.1538	0.2105	0.1778	0.0769	0.1111	0.0909	0.125	0.1667	0.1429
126	5	前女友提出要现女友离开男方	0.9231	0.5714	0.7059	0.6667	0.4	0.5	1.0	0.5714	0.7273
127	5	指责京东商城拖欠其100万货款长达13个月	0.2381	0.2381	0.2381	0.1	0.1	0.1	0.0	0.0	0.0
128	5	陆根生老人响应国家号召	0.1818	0.087	0.1176	0.2	0.0909	0.125	0.0	0.0	0.0
129	5	”蓝翔挖掘机专业毕业的学生表示	0.6	0.4737	0.5294	0.2857	0.2222	0.25	0.2	0.1667	0.1818
130	5	国家主席习近平在索契同冬奥会中国体育代表团座谈	0.2609	0.2609	0.2609	0.0909	0.0909	0.0909	0.1429	0.1429	0.1429
131	5	”他7岁的孙子小智毅因肝坏死面临不测	0.2222	0.2353	0.2286	0.0	0.0	0.0	0.0	0.0	0.0
132	5	自开网店后每天上网10多小时	0.6429	0.4737	0.5455	0.4286	0.3333	0.375	0.0	0.0	0.0
133	5	甚至有84岁老人每天坚持锻炼却从不戴口罩	0.35	0.3043	0.3256	0.1	0.0909	0.0952	0.1667	0.1429	0.1538
134	5	搬家时他们在郑州熊儿河桥边留下了一张合影	0.1	0.087	0.093	0.0	0.0	0.0	0.0	0.0	0.0
135	5	来自全国各地的新疆游子和建设者们	0.125	0.2	0.1538	0.125	0.2	0.1538	0.0	0.0	0.0
136	5	松花江边已拉起了禁止过江的警界线	0.125	0.1667	0.1429	0.0	0.0	0.0	0.0	0.0	0.0
137	5	中国政府决定恢复驻索马里大使馆	0.6667	0.4545	0.5405	0.2857	0.1818	0.2222	0.2	0.1429	0.1667
138	5	看胖子版演员的参与者比看瘦子版的吃下更多不健康食物	0.4	0.5	0.4444	0.1667	0.2	0.1818	0.125	0.1667	0.1429
139	5	但做礼品垂直电商需要强大的供应链和产品议价能力	0.1739	0.1667	0.1702	0.0909	0.0833	0.087	0.0	0.0	0.0
140	5	他已为公司规划好了一条战略发展方针	0.3529	0.3	0.3243	0.375	0.3	0.3333	0.2	0.1667	0.1818
141	5	在线旅游领域近日最大的热点莫过于携程以换股方式从Expedia收购艺龙65%股权的传闻了	0.2045	0.375	0.2647	0.1364	0.25	0.1765	0.0	0.0	0.0
142	5	爸爸们可以在应用上分享自己的育儿心得和诀窍	0.1429	0.1304	0.1364	0.0	0.0	0.0	0.0	0.0	0.0
143	5	原本围绕产品提供服务的经纪平台并不直接产生价值	0.3478	0.3636	0.3556	0.1818	0.1818	0.1818	0.0	0.0	0.0
144	5	大量外语词不经翻译就见诸报端	0.2143	0.1429	0.1714	0.1429	0.1	0.1176	0.0	0.0	0.0
145	5	为什么想到京东上买正品退假货	0.4286	0.2609	0.3243	0.1429	0.0909	0.1111	0.0	0.0	0.0
146	5	早前@成龙受访称现在“儿子好、老婆开心”	0.15	0.1667	0.1579	0.1	0.1111	0.1053	0.0	0.0	0.0
147	5	有的产证上证件姓名和地址还能对上	0.125	0.1053	0.1143	0.0	0.0	0.0	0.0	0.0	0.0
148	5	上海地铁13号线的隆德路站、武宁路站和长寿路站就开通试运营啦~隆德路站与11号线、长寿路站可与7号线换乘	0.1923	0.4762	0.274	0.1154	0.3	0.1667	0.0588	0.1429	0.0833
149	5	央行历来强调货币政策调控主要包括通货膨胀率、经济增长率、新增就业、国际收支平衡状况四个指标	0.1556	0.5	0.2373	0.0909	0.2857	0.1379	0.0667	0.25	0.1053
150	5	除了要查明""速生鸡""是否存在抗生素和激素超标	0.2083	0.2381	0.2222	0.1667	0.2	0.1818	0.0	0.0	0.0
151	5	明确了本市将推行“错时停车”制度	0.25	0.2857	0.2667	0.25	0.2857	0.2667	0.2	0.25	0.2222
152	5	快递公司再现“暴力分拣”的丑闻	0.5333	0.5714	0.5517	0.5714	0.5714	0.5714	0.4	0.5	0.4444
153	5	久违的阳光再现申城	0.3333	0.1304	0.1875	0.25	0.0909	0.1333	0.0	0.0	0.0
154	5	新民网记者从今天上海市人大常委会审议现场获悉	0.0455	0.0588	0.0513	0.0	0.0	0.0	0.0	0.0	0.0
155	5	目前大学生体质明显是”女强男弱“	0.75	0.6316	0.6857	0.25	0.2222	0.2353	0.2	0.1667	0.1818
156	5	尼康D600相机被曝拍摄时会出现黑色斑点	0.2	0.2353	0.2162	0.1	0.125	0.1111	0.0	0.0	0.0
157	5	新民网独家报道了吉祥航空航班货舱烟雾警告装置被触发紧急备降济南一事	0.2424	0.3636	0.2909	0.1875	0.2727	0.2222	0.0	0.0	0.0
158	5	被害学生黄洋的亲属已从四川抵达上海	0.0	0.0	0.0	0.0	0.0	0.0	0.0	0.0	0.0
159	5	报名外地驾校存在假证、培训不规范、收取额外费用等风险隐患	0.25	0.35	0.2917	0.2143	0.3	0.25	0.1111	0.1667	0.1333
160	5	该数据已接近全球货币供应总量的四分之一	0.3158	0.2609	0.2857	0.2222	0.1818	0.2	0.0	0.0	0.0
161	5	上海地铁11号线总换乘线路达到10条	0.4444	0.4	0.4211	0.3333	0.3	0.3158	0.0	0.0	0.0
162	5	1号店在上海亚新生活广场已开设线下数码服务站	0.2727	0.4	0.3243	0.1818	0.2857	0.2222	0.1429	0.2	0.1667
163	5	上海地铁3号线长江南路站、殷高西路站、江湾镇站三站进一步限流	0.2667	0.381	0.3137	0.1333	0.2	0.16	0.1	0.1429	0.1176
164	5	10月份本市私人、私企客车额度投标拍卖将于本月19日举行	0.1071	0.2143	0.1429	0.0714	0.1429	0.0952	0.0	0.0	0.0
165	5	却发现还得和一孩们抢产床、抢病房、抢入学资格	0.0	0.0	0.0	0.0	0.0	0.0	0.0	0.0	0.0
166	5	河南邓州的体育老师王老师在办公室训儿子时	0.3	0.3158	0.3077	0.1	0.1111	0.1053	0.0	0.0	0.0
167	5	由起重机吊在50米半空用餐~这样的体验即将在上海实现	0.2308	0.2609	0.2449	0.0769	0.0909	0.0833	0.0	0.0	0.0
168	5	这样才能充分发挥民间的专业力量	0.2667	0.1905	0.2222	0.2857	0.2	0.2353	0.0	0.0	0.0
169	5	近日上海警方破获的一婚恋诈骗团伙	0.25	0.2353	0.2424	0.0	0.0	0.0	0.0	0.0	0.0
170	5	已从学校宿舍搬进中关村一幢商住两用楼	0.0556	0.0455	0.05	0.0	0.0	0.0	0.0	0.0	0.0
171	5	我所关注的主要消息包含两大方面	0.0667	0.0526	0.0588	0.0	0.0	0.0	0.0	0.0	0.0
172	5	公司拟以自有资金3.978亿元收购浙江永乐影视股份有限公司若干股东持有的永乐影视51%的股权	0.1957	0.5625	0.2903	0.1739	0.5	0.2581	0.0667	0.2	0.1
173	5	宣布推出一款能够自主学习的半自动泊车系统	0.75	0.625	0.6818	0.5	0.4167	0.4545	0.3333	0.25	0.2857
174	5	成为国内首个基本实现分质供水的百万人口城市	0.8571	0.9	0.878	0.8	0.8	0.8	0.5714	0.6667	0.6154
175	5	根据2014年2月8日国家发改委等部门联合发布的《关于进一步做好新能源汽车推广应用工作的通知》	0.1702	0.4	0.2388	0.0435	0.1	0.0606	0.0667	0.1667	0.0952
176	5	而此次乐视网发布新品在微博上可谓下足功夫	0.25	0.2778	0.2632	0.0	0.0	0.0	0.0	0.0	0.0
177	5	这是对付PM2.5的“神器”利用水雾湿润尘埃颗粒	0.1667	0.1818	0.1739	0.0833	0.0909	0.087	0.125	0.1429	0.1333
178	5	金融改革正处在难得的战略机遇期	0.3333	0.2778	0.303	0.2857	0.2222	0.25	0.0	0.0	0.0
179	5	一名超市员工偷偷向小女孩摆手示意不要哭	0.4737	0.4286	0.45	0.2222	0.2	0.2105	0.0	0.0	0.0
180	5	给大街小巷、公园广场铺上了金黄的壮锦	0.2222	0.3077	0.2581	0.0	0.0	0.0	0.0	0.0	0.0
181	5	国务院前总理朱镕基因为一条新闻再次引起人们的关注与怀念	0.1111	0.1364	0.1224	0.0769	0.0909	0.0833	0.1111	0.1429	0.125
182	5	呼市交管支队和林县大队西沟门中队3月26日一举将其拿下	0.1111	0.15	0.1277	0.0	0.0	0.0	0.0	0.0	0.0
183	5	但步入稳步增长阶段的中国车市凭借巨大商机和未来前景依然吸引了众多跨国汽车公司和国内汽车企业踊跃参	0.125	0.3529	0.1846	0.0833	0.25	0.125	0.0	0.0	0.0
184	5	文明出境游不仅是提升国家形象、增强国家软实力必要构成	0.2308	0.5	0.3158	0.1538	0.3333	0.2105	0.125	0.25	0.1667
185	5	被称为“小托福”的ETSTOEFLJunior考试“落地”江城	0.2258	0.3333	0.2692	0.0667	0.1	0.08	0.1	0.1429	0.1176
186	5	《变4》否认电影推迟上映男主角想和李冰冰演情侣迈克尔-贝现场解释了和盘古公司这几日沸沸扬扬的“矛盾”	0.46	1.0	0.6301	0.28	0.6364	0.3889	0.5	1.1429	0.6957
187	5	房地产建设领域的腐败大案、要案呈现“三多”特点——实权官员落马多、圈地盖楼猫腻多、大拆大建民怨多	0.1458	0.4667	0.2222	0.0833	0.2857	0.129	0.0	0.0	0.0
188	5	还是出现了叙利亚“化武换和平”、伊朗核问题协议、巴以和谈重启等有利于地区稳定的亮点	0.0732	0.1765	0.1034	0.0	0.0	0.0	0.0	0.0	0.0
189	5	瑞丽的进出口贸易无论是在进出口货物重量	0.2632	0.2778	0.2703	0.2222	0.2222	0.2222	0.1667	0.1667	0.1667
190	5	不但Android手机势不可挡的向着大屏进化	0.2273	0.3333	0.2703	0.0909	0.1429	0.1111	0.0	0.0	0.0
191	5	超级大片模式即将被时代淘汰今年暑期档的超级大片过于密集而导致不少出乎意料的“滑铁卢”的情况已经给好莱坞敲响了警钟	0.2857	0.6957	0.4051	0.25	0.6364	0.359	0.2222	0.5714	0.32
192	5	黄金投资前景短期堪忧几成业界共识	0.25	0.25	0.25	0.25	0.25	0.25	0.0	0.0	0.0
193	5	云南的人均GDP在全国各省份中位居倒数第三	0.1429	0.1429	0.1429	0.1	0.1	0.1	0.0	0.0	0.0
194	5	成为联想大家庭的一份子!”消息公布后	0.1667	0.25	0.2	0.1111	0.1667	0.1333	0.0	0.0	0.0
195	5	原因是为支付宝做交易转接的上海银行因""大商户套小商户""被银联通报批评并罚款	0.2821	0.5238	0.3667	0.2105	0.4	0.2759	0.1538	0.2857	0.2
196	5	由阿里巴巴的马云、中国平安的马明哲、腾讯的马化腾联手设立的众安在线财产保险公司	0.2821	0.5	0.3607	0.2632	0.4545	0.3333	0.1538	0.2857	0.2
197	4	你心目中的流行语是什么	0.2727	0.1875	0.2222	0.0	0.0	0.0	0.0	0.0	0.0
198	4	欧美游戏产业是否已经超越了日本	0.2667	0.2	0.2286	0.2857	0.2	0.2353	0.0	0.0	0.0
199	4	“腾讯屏蔽@UC浏览器在腾讯微博帐号的发言	0.1905	0.2105	0.2	0.2	0.2222	0.2105	0.0	0.0	0.0
200	4	匿名分享服务App应用Whisper和Secret纷纷获得融资	0.2581	0.3478	0.2963	0.1333	0.1818	0.1538	0.1	0.1429	0.1176
201	4	关于雾霾天与油品质量因果关系的争论仍在发酵	0.1429	0.15	0.1463	0.1	0.1	0.1	0.0	0.0	0.0
202	4	联想（Lenovo）以19.4%的市场占有率稳居全球PC销量第一	0.2188	0.4667	0.2979	0.125	0.2857	0.1739	0.1	0.2	0.1333
203	4	检察院念陈某是初犯	0.1111	0.0476	0.0667	0.0	0.0	0.0	0.0	0.0	0.0
204	4	反腐部门可以联合运营商和金融部门一起破除技术上的障碍	0.0	0.0	0.0	0.0	0.0	0.0	0.0	0.0	0.0
205	4	他带领着上百名蓝翔技校职工、学生及社会人员从济南赶到商丘	0.3571	0.4545	0.4	0.1429	0.1818	0.16	0.1111	0.1429	0.125
206	4	会对关心中国、愿意与中国交往的外国朋友	0.1579	0.2	0.1765	0.1111	0.1429	0.125	0.0	0.0	0.0
207	4	女子初步诊断为爆发性心肌炎	0.3846	0.2941	0.3333	0.1667	0.125	0.1429	0.25	0.2	0.2222
208	4	西安市出租车管理处公布“缓堵保畅专项整治违规处理暂行规定”	0.1724	0.4545	0.25	0.1429	0.4	0.2105	0.1111	0.3333	0.1667
209	4	爆料人举报美国爱尔康公司涉嫌变相向相关医生提供商业贿赂	0.3333	0.4091	0.3673	0.2308	0.2727	0.25	0.1111	0.1429	0.125
210	4	陕西省纪委连续6年在全省开展反腐倡廉制度建设""调研年""、""创新年""、""执行落实年""、""深化提升年""活动	0.0847	0.2273	0.1235	0.0	0.0	0.0	0.0	0.0	0.0
211	4	杰拉西领导研究团队合成了最早问世避孕药的关键要素炔诺酮	0.1481	0.2353	0.1818	0.0769	0.125	0.0952	0.1111	0.2	0.1429
212	4	迈入晚婚门槛的90后们也开始和""逼婚军团""打起了春节遭遇战	0.2258	0.3182	0.2642	0.2	0.2727	0.2308	0.1	0.1429	0.1176
213	4	湖南隆回县羊古坳乡雷锋七队却一直在秘密分田单干	0.1304	0.1304	0.1304	0.0909	0.0909	0.0909	0.0	0.0	0.0
214	4	徐明被确诊为今年四川发现的首例重症甲型H1N1患者	0.44	0.7857	0.5641	0.4167	0.7143	0.5263	0.25	0.5	0.3333
215	4	武汉小伙李帅花5000元租下武昌江滩足球场	0.5238	0.55	0.5366	0.5	0.5	0.5	0.2857	0.3333	0.3077
216	4	空客向卡塔尔航空公司交付了全球首架A350XWB宽体机A350-900机型	0.3514	0.65	0.4561	0.2778	0.5	0.3571	0.0833	0.1667	0.1111
217	4	超过西班牙成为拥有世界遗产地数量第二多的国家	0.0909	0.1667	0.1176	0.0	0.0	0.0	0.0	0.0	0.0
218	4	在给迎宾大道333号锦城豪庭小区业主送货时	0.0476	0.0714	0.0571	0.0	0.0	0.0	0.0	0.0	0.0
219	4	国企腐败、专项巡视、月报制度、违规类型新变化	0.3182	0.3043	0.3111	0.0909	0.0909	0.0909	0.0	0.0	0.0
220	4	人民大学调查中心正在就春节法定节假日安排公开征求意见	0.0769	0.1	0.087	0.0	0.0	0.0	0.0	0.0	0.0
221	4	是监察部原副部长黄晓薇9月30日起任山西纪委书记后	0.36	0.3913	0.375	0.25	0.2727	0.2609	0.125	0.1429	0.1333
222	4	陈光标曾发布视频显示他在0℃以下的冰水里浸泡了30分钟	0.1852	0.3333	0.2381	0.0	0.0	0.0	0.0	0.0	0.0
223	4	还有金华市副市长张伟亚、兰溪市委书记吴国成以及金华各县市区、衢州市龙游县的环保局正副局长15人	0.3191	0.6522	0.4286	0.2609	0.5455	0.3529	0.2	0.4286	0.2727
224	4	《重大节假日免收小型客车通行费实施方案》已获得国务院同意	0.1429	0.1818	0.16	0.0	0.0	0.0	0.0	0.0	0.0
225	4	个别战士甚至干部开小差溜号的事时有发生	0.2105	0.2	0.2051	0.0	0.0	0.0	0.0	0.0	0.0
226	4	陕西省省长赵正永主持召开专题会听取“双节”期间情况汇报	0.1111	0.1429	0.125	0.0	0.0	0.0	0.0	0.0	0.0
227	4	但如何对待涂鸦艺术成为“两会”上的热议话题	0.5238	0.5789	0.55	0.3	0.3333	0.3158	0.1429	0.1667	0.1538
228	4	经手伪造判决书的县法院副院长刘伟华已被检察机关立案侦查	0.4444	0.6	0.5106	0.2308	0.3	0.2609	0.2222	0.3333	0.2667
229	4	河南林州民警郭增喜酒后与朋友去“放松”	0.1579	0.1429	0.15	0.1111	0.1	0.1053	0.0	0.0	0.0
230	4	八宝山方面表示此规定的依据是《北京市大气污染防治条例》	0.1111	0.1429	0.125	0.0769	0.1	0.087	0.1111	0.1429	0.125
231	4	进口天然气与国内天然气价格严重倒挂	0.4118	0.2917	0.3415	0.375	0.25	0.3	0.2	0.125	0.1538
232	4	各类企业获得政府各类补贴总量巨大	0.3125	0.2381	0.2703	0.25	0.2	0.2222	0.0	0.0	0.0
233	4	雾霾治理需要政府下决心控制和减少化石能源消费总量	0.6667	0.7273	0.6957	0.5	0.5455	0.5217	0.375	0.4286	0.4
234	4	她的家人一直在高调伸冤	0.1818	0.125	0.1481	0.2	0.125	0.1538	0.0	0.0	0.0
235	4	江西、江苏、河南、辽宁等多地都开始筹备不动产登记制度	0.5385	0.7368	0.6222	0.3846	0.5556	0.4545	0.25	0.3333	0.2857
236	4	国际酒业巨头帝亚吉欧正在这家公司内部推进一个代号“白龙”的神秘计划	0.3636	0.5455	0.4364	0.1875	0.2727	0.2222	0.0909	0.1429	0.1111
237	4	同业存单的发行利率、发行价格等以市场化方式确定	0.5652	0.619	0.5909	0.3636	0.4	0.381	0.1429	0.1429	0.1429
238	4	互联网金融的风生水起大大推动了存款利率市场化的改革进程	0.4444	0.6316	0.5217	0.3077	0.4444	0.3636	0.2222	0.3333	0.2667
239	4	财政部财政科学研究所副所长刘尚希认为	0.1667	0.1364	0.15	0.1111	0.0909	0.1	0.1667	0.1429	0.1538
240	4	万达商业地产的新股认购便正式开战	0.125	0.0952	0.1081	0.125	0.1	0.1111	0.0	0.0	0.0
241	4	本次交易浙江融信拟以现金方式受让恒生集团100%的股份	0.1481	0.2105	0.1739	0.1538	0.2222	0.1818	0.1111	0.1667	0.1333
242	4	最大的幕后推出却不是在前台大量生产盒子的山寨公司	0.25	0.3333	0.2857	0.1667	0.2222	0.1905	0.0	0.0	0.0
243	4	中国影子银行的最大风险点在于	0.6429	0.6429	0.6429	0.5714	0.5714	0.5714	0.25	0.25	0.25
244	4	袁某借用的是一辆丰田凯美瑞轿车	0.2	0.1429	0.1667	0.0	0.0	0.0	0.0	0.0	0.0
245	4	多地推出以投资为主的经济刺激计划	0.5625	0.4091	0.4737	0.375	0.2727	0.3158	0.0	0.0	0.0
246	4	李克强总理都会在周三主持召开国务院常务会议	0.3333	0.4375	0.3784	0.3	0.375	0.3333	0.2857	0.4	0.3333
247	4	发改委专门编制了促进南疆等地区发展的相关规划	0.5909	0.65	0.619	0.4545	0.5	0.4762	0.1429	0.1667	0.1538
248	4	关于其被内部举报、收受黑钱的传言已在集团内部发酵多时	0.0	0.0	0.0	0.0	0.0	0.0	0.0	0.0	0.0
249	4	在土地被外来企业交易、村民被迫下岗以后	0.1579	0.125	0.1395	0.1111	0.0833	0.0952	0.0	0.0	0.0
250	4	中国远洋全资子公司中远物流2012年因决策失误在上海钢材市场上亏损过亿	0.3714	0.619	0.4643	0.2353	0.4	0.2963	0.2727	0.4286	0.3333
251	4	你的照片”后面是一个网址	0.25	0.15	0.1875	0.0	0.0	0.0	0.0	0.0	0.0
252	4	深圳市爱施德、厦门三五互联、苏州蜗牛数字科技、北京国美电器、苏宁云商集团、中期集团、长江时代通信、远特（北京）通信技术	0.1017	0.2609	0.1463	0.069	0.1818	0.1	0.0	0.0	0.0
253	4	乐视网发布公告称	0.25	0.0909	0.1333	0.0	0.0	0.0	0.0	0.0	0.0
254	4	北京城区白天空气中二氧化硫出现高值	0.6471	0.55	0.5946	0.5	0.4	0.4444	0.2	0.1667	0.1818
255	4	这是资金需求大的城市放松公积金的最大桎梏	0.15	0.1429	0.1463	0.1	0.1	0.1	0.1667	0.1429	0.1538
256	4	则是需要成为第一个吃螃蟹人的勇气	0.1875	0.1429	0.1622	0.0	0.0	0.0	0.0	0.0	0.0
257	4	不能忽视对创新产品风险的防范	0.0	0.0	0.0	0.0	0.0	0.0	0.0	0.0	0.0
258	4	上调年终奖金额涨幅超过10%的企业比例前三个行业	0.5	0.5217	0.5106	0.3333	0.3636	0.3478	0.125	0.1429	0.1333
259	4	过去半年以其低门槛、操作便捷的特点在中国开启了全民理财时代	0.1724	0.2273	0.1961	0.1429	0.1818	0.16	0.0	0.0	0.0
260	4	就不会在网上获得“国民公公”的称号了	0.2222	0.1905	0.2051	0.0	0.0	0.0	0.0	0.0	0.0
261	4	A股走势点评	0.6667	0.2857	0.4	0.6667	0.2857	0.4	0.0	0.0	0.0
262	4	包括花旗在内的四机构未通过美联储设定的及格线	0.3636	0.381	0.3721	0.1818	0.2	0.1905	0.1429	0.1429	0.1429
263	4	那么反腐败行动是否会降低经济增长的速度	0.3158	0.375	0.3429	0.2222	0.25	0.2353	0.0	0.0	0.0
264	4	华尔街见闻分析称人民银行打击套利活动可能会带来短期的痛苦	0.0714	0.0909	0.08	0.0	0.0	0.0	0.0	0.0	0.0
265	4	一位国家部委的处级官员告诉记者	0.3333	0.2778	0.303	0.2857	0.2222	0.25	0.2	0.1667	0.1818
266	4	去年三精制药支出的广告费为4.31亿元	0.6316	0.6	0.6154	0.4444	0.4	0.4211	0.3333	0.3333	0.3333
267	4	国家电网公司27日宣布向社会资本开放分布式电源并网工程和电动汽车充换电设施两个市场领域	0.3023	0.619	0.4062	0.2381	0.5	0.3226	0.1429	0.2857	0.1905
268	4	广州市国土房管局在微博上正式承认针对房价较高的局部区域采取“限卖”的做法以调控房价	0.2927	0.6316	0.4	0.15	0.3333	0.2069	0.0769	0.1667	0.1053
269	4	这将令日本这个全球最大的液化天然气买家受惠最大	0.2609	0.2727	0.2667	0.1818	0.1818	0.1818	0.1429	0.1429	0.1429
270	4	这些有害化学物质可能导致生育率下降以及其他免疫系统疾	0.0769	0.0909	0.0833	0.0	0.0	0.0	0.0	0.0	0.0
271	4	”“小米等互联网企业那些盒子和路由加一起	0.3	0.2727	0.2857	0.2	0.1818	0.1905	0.0	0.0	0.0
272	4	65个样本中有48个发现农药残留	0.375	0.2857	0.3243	0.25	0.2	0.2222	0.2	0.1429	0.1667
273	4	淘宝网成为环球交易所争夺的新股宠儿	0.2353	0.2105	0.2222	0.125	0.1111	0.1176	0.0	0.0	0.0
274	4	一群身穿汉服的青年男女举行了古代礼仪“女子笄礼”	0.375	0.4737	0.4186	0.1667	0.2222	0.1905	0.25	0.3333	0.2857
275	4	都被对方阵营的支持者或者粉丝狂殴	0.0625	0.05	0.0556	0.0	0.0	0.0	0.0	0.0	0.0
276	4	不少“秋裤楼”业主担心其会成为“烂尾楼”	0.35	0.3043	0.3256	0.1	0.0909	0.0952	0.3333	0.2857	0.3077
277	4	很有可能在1到2年内替代在中国用户高达57.8%的WindowsXP系统	0.1667	0.4	0.2353	0.0	0.0	0.0	0.0	0.0	0.0
278	4	中国平安以1.5亿元拿下中超联赛冠名权	0.5263	0.5263	0.5263	0.4444	0.4444	0.4444	0.3333	0.3333	0.3333
279	4	目的是降低投资者购买苹果股票的门槛	0.2353	0.2353	0.2353	0.125	0.125	0.125	0.0	0.0	0.0
280	4	外贸电商已经有一大批上规模的玩家	0.375	0.25	0.3	0.25	0.1667	0.2	0.2	0.125	0.1538
281	4	百度、宜搜、SOSO占据手机搜索品牌前三位	0.0952	0.1053	0.1	0.1	0.1111	0.1053	0.0	0.0	0.0
282	4	朝鲜就曾发射“光明星3”号卫星以迎接金日成诞辰百年	0.2	0.2632	0.2273	0.0833	0.1111	0.0952	0.0	0.0	0.0
283	4	不排除当事警员为完成指标强行将女警母女带回警局	0.2174	0.2381	0.2273	0.1818	0.2	0.1905	0.0	0.0	0.0
284	4	习近平主席将于6月2-4日应邀访问哥斯达黎加共和国	0.44	0.4783	0.4583	0.25	0.2727	0.2609	0.25	0.2857	0.2667
285	4	该项收购为低迷的餐饮市场注入了强心剂	0.0556	0.0625	0.0588	0.0	0.0	0.0	0.0	0.0	0.0
286	4	此次长城汽车召回H6是由于部分燃油泵电机碳刷与刷架发生阻滞	0.2069	0.3158	0.25	0.1429	0.2222	0.1739	0.0	0.0	0.0
287	4	上午习近平以中央全面深化改革领导小组组长身份主持会议	0.2308	0.3	0.2609	0.0769	0.1	0.087	0.125	0.1667	0.1429
288	4	可能包括破除养老金多轨制、扩大养老保险覆盖面、增加退休基金投资渠道、以及提高效率等方面	0.1163	0.25	0.1587	0.0476	0.1	0.0645	0.0	0.0	0.0
289	4	以老凤祥为首的多家上海金店接受了国家发改委反垄断调查	0.3077	0.3478	0.3265	0.1538	0.1818	0.1667	0.125	0.1429	0.1333
290	4	追求美好生活是中非人民的共同愿望	0.125	0.1176	0.1212	0.0	0.0	0.0	0.0	0.0	0.0
291	4	沃尔玛要用更多的会员制商店网罗中国消费者	0.45	0.5	0.4737	0.2	0.2222	0.2105	0.1667	0.1667	0.1667
292	4	有着“全国最大包工头”称呼的严介和又要上法庭了	0.3913	0.4091	0.4	0.2727	0.2727	0.2727	0.1429	0.1429	0.1429
293	4	决定创新重点领域投融资机制、为社会有效投资拓展更大空间	0.3333	0.5294	0.4091	0.2308	0.375	0.2857	0.1111	0.2	0.1429
294	4	还有贵阳9月中旬出台的《关于加快棚户区城中村改造和保障性安居工程项目建设的若干措施》	0.0476	0.0909	0.0625	0.0476	0.0909	0.0625	0.0	0.0	0.0
295	4	星巴克在中国就显得“高端”得多	0.4	0.2857	0.3333	0.2857	0.2	0.2353	0.2	0.1429	0.1667
296	4	但确有企业遇到类似情况	0.0	0.0	0.0	0.0	0.0	0.0	0.0	0.0	0.0
297	4	经济数据启暖是国家近期连续出台的微刺激政策开始显效	0.28	0.3333	0.3043	0.25	0.3	0.2727	0.125	0.1429	0.1333
298	4	他认为甚至悲观地认为“房地产泡沫一定会破裂	0.381	0.381	0.381	0.2	0.2	0.2	0.1429	0.1429	0.1429
299	4	不要指望个税能对整个税收做出什么大文章	0.2632	0.3125	0.2857	0.0	0.0	0.0	0.0	0.0	0.0
300	4	现在中国没有真正的银行家	0.25	0.15	0.1875	0.0	0.0	0.0	0.0	0.0	0.0
301	4	意大利、印度、加拿大和澳大利亚经济规模可能已经超过俄罗斯	0.1786	0.3333	0.2326	0.1429	0.2857	0.1905	0.1111	0.2	0.1429
302	4	张维迎认为创新的特点就在于不是一下子就能看出来的	0.2083	0.2174	0.2128	0.0833	0.0909	0.087	0.125	0.1429	0.1333
303	4	被称为新中国外交史上建立中非新型关系的“开山之旅”	0.2	0.3571	0.2564	0.0833	0.1429	0.1053	0.0	0.0	0.0
304	4	王亚伟“不爱”银行股	0.8	0.4444	0.5714	0.4	0.2222	0.2857	0.3333	0.1667	0.2222
305	4	广西河池、江西景德镇、安徽铜陵、江西吉安、江西新余、广东珠海、北京、江西九江、四川遂宁、河北邯郸等城市位居排行榜的前十名	0.05	0.15	0.075	0.0	0.0	0.0	0.0	0.0	0.0
306	4	最近韩国大使馆向发改委举报这是歧视性规定	0.0	0.0	0.0	0.0	0.0	0.0	0.0	0.0	0.0
307	4	这些外汇要回流境内用于房地产开发并不容易	0.0	0.0	0.0	0.0	0.0	0.0	0.0	0.0	0.0
308	4	在湖南省证监局、中国证监会相继介入进行调查后	0.0909	0.1538	0.1143	0.0909	0.1667	0.1176	0.0	0.0	0.0
309	4	《广州市优化调整停车场差别化收费方案》昨日获市政府常务会议原则通过	0.1515	0.2778	0.1961	0.0625	0.1111	0.08	0.0	0.0	0.0
310	4	大幅高过2%增长率的市场预期	0.1429	0.1	0.1176	0.1429	0.1	0.1176	0.0	0.0	0.0
311	4	对于占据基金淘宝店绝对份额的货基将难以生存	0.2381	0.3333	0.2778	0.1	0.1429	0.1176	0.0	0.0	0.0
312	4	""敬礼男孩""郎铮在老家安静地读小学	0.1053	0.0909	0.0976	0.0	0.0	0.0	0.0	0.0	0.0
313	4	稳定楼市的政策信号很明确	0.3333	0.1739	0.2286	0.3333	0.1818	0.2353	0.0	0.0	0.0
314	4	低估值的背后是中国网游企业长期得不到华尔街的认可	0.4167	0.8333	0.5556	0.3333	0.6667	0.4444	0.125	0.25	0.1667
315	4	记者走访广州5家公立综合医院和民营美容机构	0.0476	0.1	0.0645	0.0	0.0	0.0	0.0	0.0	0.0
316	4	全球最大的几只对冲基金只把赌注下在了一个地方——日本	0.1154	0.1429	0.1277	0.0	0.0	0.0	0.0	0.0	0.0
317	4	扰乱火车飞机等公共交通秩序、破坏公共卫生、违反当地风俗、损毁文物等6种行为将被“拉黑”	0.186	0.5714	0.2807	0.0952	0.2857	0.1429	0.1429	0.5	0.2222
318	4	创立16年的在线棋牌游戏开发商及运营商联众国际将于6月30日在港交所上市	0.4722	1.0	0.6415	0.2778	0.625	0.3846	0.3333	0.8	0.4706
319	4	8月1日起在广州白云国际机场口岸对45个国家或地区持有第三国签证和机票的外国旅客实行72小时过境免签政策	0.25	0.5652	0.3467	0.1538	0.3636	0.2162	0.0588	0.1429	0.0833
320	4	“对社会现实问题避而不谈	0.0	0.0	0.0	0.0	0.0	0.0	0.0	0.0	0.0
321	4	一汽-大众将斥资十几个亿兴建整车试验场等一系列设施	0.2	0.2381	0.2174	0.0	0.0	0.0	0.0	0.0	0.0
322	4	目前广州楼盘申请预售证	0.4545	0.2381	0.3125	0.2	0.1	0.1333	0.0	0.0	0.0
323	4	这些公司前三季度的存货合计达到9155.53亿元	0.4167	0.6667	0.5128	0.1667	0.2857	0.2105	0.125	0.2	0.1538
324	4	因""做生意被骗、与亲戚反目、借高利贷赌博""	0.0	0.0	0.0	0.0	0.0	0.0	0.0	0.0	0.0
325	4	全市至少有20多个政府部门推出官方APP	0.35	0.3182	0.3333	0.1	0.0909	0.0952	0.1667	0.1429	0.1538
326	4	（分享自@第一财经-中国房地产金融	0.0	0.0	0.0	0.0	0.0	0.0	0.0	0.0	0.0
327	4	6月全国百城新建住宅均价为10258元/平	0.381	0.5	0.4324	0.3	0.375	0.3333	0.0	0.0	0.0
328	4	独生子女多导致房子过剩只是传说	0.0667	0.0455	0.0541	0.0	0.0	0.0	0.0	0.0	0.0
329	4	对于占据基金淘宝店绝对份额的货基将难以生存	0.2381	0.3333	0.2778	0.1	0.1429	0.1176	0.0	0.0	0.0
330	4	并在网络经济最繁荣的时候卖给了美国最大的在线服务公司	0.1154	0.1765	0.1395	0.0	0.0	0.0	0.0	0.0	0.0
331	4	此次事件已将自建物流电商与物流公司之间的矛盾首次公开化	0.2222	0.3	0.2553	0.1538	0.2	0.1739	0.1111	0.1667	0.1333
332	4	也没听说康生子女拿走了他什么文物	0.375	0.3158	0.3429	0.375	0.3333	0.3529	0.0	0.0	0.0
333	4	资产负债率为84.84%	0.0	0.0	0.0	0.0	0.0	0.0	0.0	0.0	0.0
334	4	最外层是1米8高的强化玻璃防护墙	0.0625	0.0455	0.0526	0.0	0.0	0.0	0.0	0.0	0.0
335	4	100个城市中有3个城市均价高于3万	0.4444	0.3478	0.3902	0.1111	0.0909	0.1	0.0	0.0	0.0
336	4	状告父母要求“常回家看看”	0.5385	0.3684	0.4375	0.3333	0.2222	0.2667	0.0	0.0	0.0
337	4	此刻动力就是希望联想能做没有家族的家族企业	0.4762	0.7143	0.5714	0.4	0.5714	0.4706	0.4286	0.75	0.5455
338	4	刘虹、宋晓明、成清波三位长袖善舞的资本大佬在这里相继粉墨登场但最后皆仓皇离去	0.0526	0.1818	0.0816	0.0	0.0	0.0	0.0	0.0	0.0
339	4	山西富豪邢利斌接受《第一财经日报》专访	0.1579	0.2308	0.1875	0.1111	0.1667	0.1333	0.1667	0.25	0.2
340	4	刷新页面算多次阅读......看看自己微博的“阅读数”	0.3704	0.5263	0.4348	0.2308	0.3333	0.2727	0.1111	0.1667	0.1333
341	4	中国首艘052D型导弹驱逐舰正式加入海军	0.3	0.3	0.3	0.2	0.2	0.2	0.0	0.0	0.0
342	4	“海尔今年要裁掉1万名以中层管理者为主的员工	0.1818	0.25	0.2105	0.0909	0.125	0.1053	0.0	0.0	0.0
343	4	在欧美遭遇业务下滑的福特	0.1667	0.1429	0.1538	0.1667	0.1429	0.1538	0.0	0.0	0.0
344	4	5月8日海口市对76家供应点的大白菜、莲花白、小黄白、上海青4种蔬菜执行政府限价	0.25	0.5263	0.339	0.1	0.2222	0.1379	0.0	0.0	0.0
345	4	早前企业高层表示要将广州作为第二总部	0.1667	0.1875	0.1765	0.1111	0.125	0.1176	0.0	0.0	0.0
346	4	数据预示着经济正在筑底	0.5455	0.2609	0.3529	0.6	0.2727	0.375	0.0	0.0	0.0
347	4	”肠子都悔青了的马哲表示	0.0833	0.0476	0.0606	0.0	0.0	0.0	0.0	0.0	0.0
348	4	但超大货量、板块缺新亮点显过气、投资客被政策挤出	0.0833	0.0952	0.0889	0.0	0.0	0.0	0.0	0.0	0.0
349	4	也是2007年金融风暴中唯一不用政府救助的美国汽车三巨头	0.0714	0.125	0.0909	0.0	0.0	0.0	0.0	0.0	0.0
350	4	1949年沈荃率湘西军政人员向中共投诚	0.5789	0.4783	0.5238	0.2222	0.1818	0.2	0.1667	0.1429	0.1538
351	4	在与外资银行签署的包含大量免责条款的合同面前	0.1818	0.2	0.1905	0.1818	0.2	0.1905	0.1429	0.1667	0.1538
352	4	她在东京著名的SM情趣旅馆“Alpha-In”拍摄了近四十名性工作者	0.2353	0.8889	0.3721	0.2353	1.0	0.381	0.0	0.0	0.0
353	4	国土资源部和住房城乡建设部联合对外发布《关于优化2015年住房及用地供应结构促进房地产市场平稳健康发展的通知》	0.1091	0.3158	0.1622	0.037	0.1111	0.0556	0.0556	0.1667	0.0833
354	4	国内风电龙头企业华锐风电突然解聘上百位应届毕业生	0.625	0.6818	0.6522	0.25	0.2727	0.2609	0.125	0.1429	0.1333
355	4	中海去年全年日均利润额达4986万元人民币	0.1429	0.1765	0.1579	0.1	0.125	0.1111	0.0	0.0	0.0
356	4	建立者说打算大学时再让孩子回归体制内学校	0.3	0.2727	0.2857	0.2	0.1818	0.1905	0.1667	0.1429	0.1538
357	4	高盛集团12日宣布马克•史华兹（MarkSchwartz）将重返高盛担任集团的副董事长兼亚太区董事长	0.44	0.9565	0.6027	0.36	0.8182	0.5	0.25	0.5714	0.3478
358	4	市场的阴霾开始扩散到投行从业人员的头上	0.4211	0.7273	0.5333	0.4444	0.8	0.5714	0.0	0.0	0.0
359	4	群里的差评师以无业、公务员、学生和清闲文员为主	0.5652	0.619	0.5909	0.4545	0.5	0.4762	0.4286	0.4286	0.4286
360	4	这是对大数据最逻辑清晰和实用的一段案例阐述了	0.1818	0.2667	0.2162	0.0909	0.1429	0.1111	0.0	0.0	0.0
361	4	新法贯彻王安石“理财最为急务	0.5	0.3889	0.4375	0.2857	0.2222	0.25	0.25	0.1667	0.2
362	4	华、汪确也提出过需做“党内的转弯工作	0.3333	0.3	0.3158	0.1111	0.1	0.1053	0.0	0.0	0.0
363	4	敬一丹19年来都没有离开过《焦点访谈》	0.4737	0.4091	0.439	0.3333	0.2727	0.3	0.3333	0.2857	0.3077
364	4	街上奔跑的那辆由海外华侨捐给八路军前方将士的救护车	0.04	0.0476	0.0435	0.0	0.0	0.0	0.0	0.0	0.0
365	4	它们的出现完成了中关村商贸金三角版图的构建	0.381	0.3636	0.3721	0.3	0.2727	0.2857	0.2857	0.2857	0.2857
366	4	亚太城市研究会房地产分会会长@陈宝存表示	0.25	0.2174	0.2326	0.1	0.0909	0.0952	0.0	0.0	0.0
367	4	仅36.5%认为属中等收入群体	0.3333	0.25	0.2857	0.1429	0.1	0.1176	0.0	0.0	0.0
368	4	她在微博上发出征婚启事	0.0	0.0	0.0	0.0	0.0	0.0	0.0	0.0	0.0
369	4	银监会近日下发的《关于信托公司风险监管的指导意见》引起业内震动	0.1935	0.3529	0.25	0.0667	0.125	0.087	0.0	0.0	0.0
370	4	他向学校申请寝室建了个私人公益图书馆	0.1111	0.1111	0.1111	0.0	0.0	0.0	0.0	0.0	0.0
371	4	吃烧烤等同吸烟的毒性	0.1	0.0455	0.0625	0.0	0.0	0.0	0.0	0.0	0.0
372	4	北京13岁少女小南痴迷韩国EXO组合	0.2222	0.4	0.2857	0.2222	0.4	0.2857	0.0	0.0	0.0
373	4	金乡大蒜国际交易所存在涉嫌违规交易、交易规则不规范等问题	0.1429	0.2667	0.186	0.1429	0.2857	0.1905	0.0	0.0	0.0
374	4	公司巨额存货是否虚构	0.0	0.0	0.0	0.0	0.0	0.0	0.0	0.0	0.0
375	4	乐居天津站记者以“名下已有房产”的购房者身份走访多家在售楼盘	0.1333	0.2	0.16	0.0	0.0	0.0	0.0	0.0	0.0
376	4	地铁运营企业将在站内增加票价导航指示标志	0.15	0.25	0.1875	0.0	0.0	0.0	0.0	0.0	0.0
377	4	”某国有大行中层人士告诉《第一财经日报》记者	0.1818	0.1818	0.1818	0.0909	0.0909	0.0909	0.0	0.0	0.0
378	4	在同县委书记研修班学员座谈时总书记说	0.2778	0.4167	0.3333	0.2222	0.3333	0.2667	0.1667	0.25	0.2
379	4	今年广东高考作文材料是历史学家汤因比及居里夫人关于“想要出生在哪个时代”的言论	0.3333	0.619	0.4333	0.1053	0.2	0.1379	0.0	0.0	0.0
380	4	刘虹、宋晓明、成清波三位长袖善舞的资本大佬在这里相继粉墨登场但最后皆仓皇离去	0.0526	0.1818	0.0816	0.0	0.0	0.0	0.0	0.0	0.0
381	4	库尔勒至格尔木铁路先期开工段已进入招投标阶段	0.2727	0.3	0.2857	0.0909	0.1	0.0952	0.0	0.0	0.0
382	4	当时毛泽东大笑	0.4286	0.125	0.1935	0.3333	0.0833	0.1333	0.5	0.125	0.2
383	4	中国国家发改委决定对美国高通处以60.88亿人民币的高额罚款	0.1333	0.2	0.16	0.0667	0.1	0.08	0.0	0.0	0.0
384	4	国家将在去年广东、广西天然气定价机制改革试点的基础上进一步推进	0.2903	0.4091	0.3396	0.2667	0.3636	0.3077	0.2	0.2857	0.2353
385	4	正值雷曼兄弟倒闭5周年	0.5455	0.3333	0.4138	0.4	0.2222	0.2857	0.0	0.0	0.0
386	4	稳定楼市的政策信号很明确	0.3333	0.1739	0.2286	0.3333	0.1818	0.2353	0.0	0.0	0.0
387	4	中国银行业净利润首破万亿大关	0.4286	0.3333	0.375	0.1429	0.1111	0.125	0.0	0.0	0.0
388	4	他携陆楠访过心理医生	0.0	0.0	0.0	0.0	0.0	0.0	0.0	0.0	0.0
389	4	上百元一碗的鱼翅原料竟是几块钱一大包的粉丝	0.2381	0.2381	0.2381	0.1	0.1	0.1	0.0	0.0	0.0
390	4	韩国首尔的著名商业区明洞商区迎来大量中国游客	0.2273	0.25	0.2381	0.1818	0.2	0.1905	0.0	0.0	0.0
391	4	这部黑马电影的意外崛起让人不禁思考其背后到底存在着怎样的商业资本推手	0.1765	0.5	0.2609	0.1176	0.3333	0.1739	0.0	0.0	0.0
392	4	酒泉市政协原主席杨林就可以开始颐养天年了	0.05	0.0455	0.0476	0.0	0.0	0.0	0.0	0.0	0.0
393	4	我国延迟退休年龄将借鉴国外经验	0.2667	0.2	0.2286	0.1429	0.1	0.1176	0.0	0.0	0.0
394	4	包括佳能、松下和狮王等在内的企业相继传来工厂生产暂停的消息	0.069	0.1111	0.0851	0.0	0.0	0.0	0.0	0.0	0.0
395	4	或根据投资收益最大化决定引入战略投资者	0.0526	0.0435	0.0476	0.0	0.0	0.0	0.0	0.0	0.0
396	4	两场半决赛加决赛闭幕式和颁奖仪式的12天行程费用39.8万元	0.0333	0.0455	0.0385	0.0	0.0	0.0	0.0	0.0	0.0
397	4	说明物价得到了有效控制	0.7273	0.3478	0.4706	0.8	0.3636	0.5	0.6667	0.2857	0.4
398	4	至于什么时候才能看到一个“可穿戴”的联想	0.4	0.5714	0.4706	0.2	0.2857	0.2353	0.3333	0.5	0.4
399	4	1949年沈荃率湘西军政人员向中共投诚	0.5789	0.4783	0.5238	0.2222	0.1818	0.2	0.1667	0.1429	0.1538
400	4	更不会出现诸如某些分析说的“退出主流信托”的情况	0.5	0.6316	0.5581	0.4167	0.5556	0.4762	0.25	0.3333	0.2857
401	4	女主角最喜欢的小机器人最后变形成了联想笔记本电脑	0.0	0.0	0.0	0.0	0.0	0.0	0.0	0.0	0.0
402	4	全国政协委员、国家工商总局局长周伯华在谈到内地市民对一罐奶粉都缺乏信心的时候	0.1316	0.2273	0.1667	0.0	0.0	0.0	0.0	0.0	0.0
403	4	中国光大（集团）总公司终于成功挂牌更名为光大股份	0.25	0.2727	0.2609	0.25	0.2727	0.2609	0.125	0.1429	0.1333
404	4	加上西班牙和意大利国债收益率的飙升	0.0	0.0	0.0	0.0	0.0	0.0	0.0	0.0	0.0
405	4	上半年券商周策略准确率遭网友调侃	0.375	0.3	0.3333	0.25	0.2	0.2222	0.2	0.1667	0.1818
406	4	人民币在全球支付货币排名已由2012年1月份的第20位攀升至今年5月份的第13位	0.25	0.5556	0.3448	0.2	0.4444	0.2759	0.1538	0.3333	0.2105
407	4	蒋介石曾单独约见彭德怀	0.5455	0.3	0.3871	0.4	0.2	0.2667	0.6667	0.3333	0.4444
408	4	蒋师傅在用钥匙手动打开电梯门	0.1429	0.087	0.1081	0.0	0.0	0.0	0.0	0.0	0.0
409	4	一次大病后小忠脑瘫	0.1111	0.0769	0.0909	0.0	0.0	0.0	0.0	0.0	0.0
410	4	中移动反腐风暴导致内部人心惶惶	1.0	0.6522	0.7895	1.0	0.6364	0.7778	0.8	0.5714	0.6667
411	4	宣布年内裁掉约1.25万诺基亚员工	0.2941	0.2273	0.2564	0.125	0.0909	0.1053	0.2	0.1429	0.1667
412	4	沉痛悼念着踩踏事件的遇难者	0.0769	0.0556	0.0645	0.0	0.0	0.0	0.0	0.0	0.0
413	4	英国超六成的餐饮连锁店提供的冰块细菌总量	0.55	0.5	0.5238	0.3	0.2727	0.2857	0.1667	0.1429	0.1538
414	4	地铁10号线、机场线、宁天城际一期陆续通车	0.4286	0.4091	0.4186	0.3	0.2727	0.2857	0.0	0.0	0.0
415	4	意味着行政资源、民生资源和市场资源将突破已有行政区划	0.1154	0.125	0.12	0.0	0.0	0.0	0.0	0.0	0.0
416	4	“绿豆汤不能治脑梗	0.7778	0.3889	0.5185	0.0	0.0	0.0	0.0	0.0	0.0
417	4	改变了早高峰出租打不着、地铁太拥挤、开车没地停的状况	0.1538	0.1818	0.1667	0.0769	0.0909	0.0833	0.0	0.0	0.0
418	4	中国人民政治协商会议全国委员会12月31日上午在全国政协礼堂举行新年茶话会	0.0	0.0	0.0	0.0	0.0	0.0	0.0	0.0	0.0
419	4	微软员工李明(化名)在一周的第一天像往常一样走进了微软在北京的办公室	0.0882	0.15	0.1111	0.0588	0.1	0.0741	0.0	0.0	0.0
420	4	李雪和陈斌的恋情得到家人认可后办了婚礼	0.0526	0.0455	0.0488	0.0	0.0	0.0	0.0	0.0	0.0
421	4	云信君带大家看看威廉王子都和谁一起推广过动植物保护	0.56	0.7368	0.6364	0.4167	0.5556	0.4762	0.375	0.5	0.4286
422	4	山东滨州市政协文史委副主任李象润通过对先秦历史的研究论证、考究认为	0.1515	0.2381	0.1852	0.0625	0.1	0.0769	0.0	0.0	0.0
423	4	沃尔玛致力于将线上零售业务和线下实体店业务融为一体	0.4	0.4762	0.4348	0.1667	0.2	0.1818	0.125	0.1429	0.1333
424	4	医生给开了处方	0.7143	0.2273	0.3448	0.3333	0.0909	0.1429	0.0	0.0	0.0
425	4	南阳旅游局官方网站刊登着这样一则广告	0.3333	0.3158	0.3243	0.2222	0.2222	0.2222	0.0	0.0	0.0
426	4	一场别开生面的集体婚礼在沈阳军区某装甲旅装甲兵广场上演	0.2222	0.4	0.2857	0.1538	0.2857	0.2	0.1111	0.2	0.1429
427	4	李克强还收到了英国网球明星安迪•穆雷亲笔签名的网球拍	0.1154	0.15	0.1304	0.0769	0.1	0.087	0.125	0.1667	0.1429
428	4	该医院眼科近四成患儿都是来治近视的	0.7059	0.9231	0.8	0.5	0.6667	0.5714	0.4	0.5	0.4444
429	4	一男子拿出10元钱递给柜员	0.3846	0.2174	0.2778	0.1667	0.0909	0.1176	0.0	0.0	0.0
430	4	我们不妨将这场道具展视作一场重新审视中国人爱国情感的“活道具”	0.1935	0.375	0.2553	0.1333	0.25	0.1739	0.0	0.0	0.0
431	4	#最炫科技风#桂家勋创业团队的产品Vigo是一款蓝牙防瞌睡耳机	0.2903	0.4737	0.36	0.2667	0.4444	0.3333	0.1	0.1667	0.125
432	4	阜新一开宝马轿车参加高考的男考生考场作弊被抓	0.3182	0.3333	0.3256	0.1818	0.2	0.1905	0.0	0.0	0.0
433	4	中国内地养老金替代率由2002年的72.9%下降到2005年的57.7%	0.25	0.45	0.3214	0.1111	0.2	0.1429	0.0833	0.1667	0.1111
434	4	很多假羊肉串实为鸭肉串	0.7273	0.3478	0.4706	0.2	0.0909	0.125	0.3333	0.1429	0.2
435	4	据香港《明报》“占中十子”之一的先达智能行政总裁徐少骅昨日在报章访问中	0.3143	0.4783	0.3793	0.1765	0.2727	0.2143	0.3636	0.5714	0.4444
436	4	跟随超越战略成为娃哈哈的经常采用的产品营销战略、秋林格瓦斯如何抵御	0.5152	0.8095	0.6296	0.4375	0.7	0.5385	0.2727	0.4286	0.3333
437	4	都属于丁羽心及其亲友以及其他相关公司的名下	0.1429	0.1304	0.1364	0.1	0.0909	0.0952	0.0	0.0	0.0
438	4	运营商面临更多、更复杂的转型困境	0.25	0.2857	0.2667	0.125	0.1429	0.1333	0.2	0.25	0.2222
439	4	《2013年度成都市软件和信息技术服务产业发展报告》日前发布……详情请见:@成都日报@成都发	0.0435	0.1667	0.069	0.0435	0.1667	0.069	0.0	0.0	0.0
440	4	@王小川尽管在常人看来一路顺风顺水	0.1765	0.1579	0.1667	0.125	0.1111	0.1176	0.2	0.1667	0.1818
441	4	大众点评市场推广负责人用亲身经历告诉你	0.2632	0.2174	0.2381	0.0	0.0	0.0	0.0	0.0	0.0
442	4	不是只会对已有的创造进行制造或复制小配件的国家	0.087	0.1	0.093	0.0	0.0	0.0	0.0	0.0	0.0
443	4	“高中的课程无法帮助某人备战黑客马拉松	0.3684	0.4375	0.4	0.2222	0.25	0.2353	0.1667	0.2	0.1818
444	4	2014年中国物联网产业呈现出新的特点与趋势	0.7273	0.7273	0.7273	0.5455	0.5455	0.5455	0.4286	0.4286	0.4286
445	4	女性不仅更有可能成为家庭的主要照料者	0.3333	0.4286	0.375	0.3333	0.4286	0.375	0.0	0.0	0.0
446	4	以收盘价计算	0.0	0.0	0.0	0.0	0.0	0.0	0.0	0.0	0.0
447	4	长时间使用电脑、观看电视、打游戏机等都是诱发癫痫疾病的主因	0.3448	0.625	0.4444	0.1429	0.25	0.1818	0.1111	0.2	0.1429
448	4	一架歼7飞机在起飞上升过程中突发机械故障	0.35	0.5	0.4118	0.2	0.2857	0.2353	0.3333	0.5	0.4
449	4	昨日元兑美元暴跌一度触及20个月新低	0.5556	0.6667	0.6061	0.2222	0.2857	0.25	0.1667	0.2	0.1818
450	4	上海市一妇婴的患者在支付宝钱包的服务窗中添加关注医院	0.2692	0.3043	0.2857	0.1538	0.1818	0.1667	0.25	0.2857	0.2667
451	4	《今天我休息》里的好民警“老马”、亲友同事心目中的大好人仲星火真的“休息”了	0.1316	0.3125	0.1852	0.0	0.0	0.0	0.0833	0.2	0.1176
452	4	正处于风口浪尖的国内奶粉行业出现大交易	0.0	0.0	0.0	0.0	0.0	0.0	0.0	0.0	0.0
453	4	巴西南里奥格兰德州州政府２７日傍晚将夜总会火灾造成的死亡人数从245人修正为233人	0.1667	0.4667	0.2456	0.0952	0.2857	0.1429	0.0714	0.2	0.1053
454	4	以及外汇局节前大手笔放行130亿人民币额度的QFII和RQFII支援A股	0.1389	0.3125	0.1923	0.0556	0.125	0.0769	0.0	0.0	0.0
455	4	商报记者从代表国内婚尚产业“风向标”的上海国际婚纱摄影器材展览会上了解到	0.0833	0.1875	0.1154	0.0	0.0	0.0	0.0	0.0	0.0
456	4	上海浦东区人民法院开庭公开审理了恒泰大通贵金属委托理财交易纠纷案	0.4062	0.9286	0.5652	0.375	0.8571	0.5217	0.3	0.75	0.4286
457	4	现场还有权威珠宝玉石专家可提供免费鉴定、咨询服务	0.125	0.1304	0.1277	0.0	0.0	0.0	0.0	0.0	0.0
458	4	纳入统计的536只股票型基金整体收益高达8％	0.2727	0.375	0.3158	0.0909	0.125	0.1053	0.1429	0.2	0.1667
459	4	配合监管部门捣毁了位于宝山顾村镇附近一地下宰杀活猫窝点	0.2593	0.3889	0.3111	0.2308	0.3333	0.2727	0.0	0.0	0.0
460	4	现在的搜索结果页面看起来简洁大方了许多	0.3158	0.3529	0.3333	0.2222	0.25	0.2353	0.1667	0.2	0.1818
461	4	出境游今年日本、韩国、美国等多个目的地签证放宽	0.087	0.1333	0.1053	0.0	0.0	0.0	0.0	0.0	0.0
462	4	默克尔已表示支持欧央行行长德拉吉应对危机的策略	0.2174	0.3333	0.2632	0.0909	0.1429	0.1111	0.1429	0.2	0.1667
463	4	昨日下午西哈努克灵柩抵达金边	0.4286	0.4	0.4138	0.4286	0.4286	0.4286	0.25	0.2	0.2222
464	4	中国老百姓历史上吃过货币增发的不少苦头	0.2105	0.1739	0.1905	0.0	0.0	0.0	0.0	0.0	0.0
465	4	不过高盛三个月黄金价格预估仍然看涨	0.3529	0.4286	0.3871	0.125	0.1429	0.1333	0.0	0.0	0.0
466	4	相比专家指导、提供场地及房租补贴、提供信息资讯、项目推介等其他政策	0.0	0.0	0.0	0.0	0.0	0.0	0.0	0.0	0.0
467	4	隋炀帝墓出土的135件/套文物在扬州双博馆展出	0.5217	0.5455	0.5333	0.3636	0.3636	0.3636	0.2857	0.2857	0.2857
468	4	11名台湾籍嫌疑人移交台湾警方	0.2	0.1579	0.1765	0.1429	0.1111	0.125	0.0	0.0	0.0
469	4	7天连锁酒店有望在年底成为中国经济型酒店行业在营店数量第一的酒店品牌	0.2059	0.5	0.2917	0.1176	0.2857	0.1667	0.1818	0.5	0.2667
470	4	支付宝将停止所有线下POS业务	0.7333	0.7857	0.7586	0.7143	0.7143	0.7143	0.4	0.5	0.4444
471	4	中国将把有关美国公民所有在华账户信息提交给美国国税局	0.3077	0.5714	0.4	0.2308	0.4286	0.3	0.125	0.25	0.1667
472	4	中国最大电商公司阿里巴巴在美国上市前录得连续第五个季度利润大涨	0.1935	0.375	0.2553	0.0667	0.125	0.087	0.0	0.0	0.0
473	4	但女子认为医生“态度不好”“没本事”	0.2222	0.2353	0.2286	0.2222	0.25	0.2353	0.0	0.0	0.0
474	4	但国内新能源汽车产业发展依然任重道远	0.3333	0.4286	0.375	0.2222	0.2857	0.25	0.1667	0.25	0.2
475	4	用户账户被盗刷与此前CSDN等众多互联网网站账户密码数据丢失有关	0.1562	0.3333	0.2128	0.0625	0.1429	0.087	0.0	0.0	0.0
476	4	北京师范大学实验幼儿园的一些家长爆料说幼儿园要求缴纳6万元或54000元不等的赞助费	0.1667	0.5	0.25	0.0952	0.2857	0.1429	0.1429	0.5	0.2222
477	4	上海户籍人口自然增长率在连续19年负增长以后首次出现正增长	0.069	0.1333	0.0909	0.0714	0.1429	0.0952	0.0	0.0	0.0
478	4	上海3-6岁女孩在“智体美劳”全线超过同龄男孩	0.4783	0.7857	0.5946	0.2727	0.4286	0.3333	0.2857	0.5	0.3636
479	4	由陕西省妇联或西安市妇联出具相关证明才能入住	0.1818	0.1905	0.186	0.1818	0.2	0.1905	0.0	0.0	0.0
480	4	3.你需要了解浏览器	0.0	0.0	0.0	0.0	0.0	0.0	0.0	0.0	0.0
481	4	圪洞峁的村民陆续走出大山	0.0833	0.0417	0.0556	0.0	0.0	0.0	0.0	0.0	0.0
482	4	因为《被解救的姜戈》开映前被临时推迟以及被删减等问题	0.1923	0.2174	0.2041	0.0769	0.0909	0.0833	0.0	0.0	0.0
483	4	农民工普遍认为当下的幸福感较之从前有了很大提升	0.2174	0.2273	0.2222	0.0909	0.0909	0.0909	0.1429	0.1429	0.1429
484	4	确定加快出口退税、扩大贸易融资规模等政策	0.05	0.0769	0.0606	0.0	0.0	0.0	0.0	0.0	0.0
485	4	电影产业正在面临一个巨大的危机	0.2	0.15	0.1714	0.1429	0.1	0.1176	0.0	0.0	0.0
486	4	在杭锦后旗经营水泥生意的李先生被一不法分子通过冒充公务人员以代购军用帐篷的手段诈骗5000元	0.1957	0.5625	0.2903	0.1739	0.5	0.2581	0.0667	0.2	0.1
487	4	通用的插电混动技术有望在凯迪拉克全系产品上得到应用	0.48	0.7059	0.5714	0.4167	0.625	0.5	0.25	0.4	0.3077
488	4	《被解救的姜戈》内地将映昆汀电影首次引进据索尼哥伦比亚影片公司消息	0.6061	0.8696	0.7143	0.4375	0.6364	0.5185	0.3636	0.5714	0.4444
489	4	本届婚博会堪称云南史上规模最大、商家最全、促销最优、让利最多的婚庆博览会	0.2222	0.3478	0.2712	0.1667	0.2727	0.2069	0.0833	0.1429	0.1053
490	4	十年前昆明那一股串串香热潮冷却之后	0.4118	0.3182	0.359	0.125	0.0909	0.1053	0.0	0.0	0.0
491	4	而在推进城镇化将释放大量住房需求的背景之下	0.0	0.0	0.0	0.0	0.0	0.0	0.0	0.0	0.0
492	4	中电信、苹果、网秦等知名企业均因伤害消费者利益被央视曝光	0.1071	0.1304	0.1176	0.0714	0.0909	0.08	0.0	0.0	0.0
493	4	“史大胆”和“赌徒”是史玉柱的代名词	0.2222	0.1905	0.2051	0.1111	0.1	0.1053	0.1667	0.1429	0.1538
494	4	从花都、南沙、番禺、增城这四个外围区域随机抽查了10个热销刚需盘	0.1875	0.2727	0.2222	0.125	0.1818	0.1481	0.1	0.1429	0.1176
495	4	他在离职发布会上劝诫股民别买股票	0.0625	0.0769	0.069	0.0	0.0	0.0	0.0	0.0	0.0
496	4	雷士董事长兼临时CEO王冬雷与雷士创始人、原CEO吴长江之间斗争再度升级	0.25	0.4286	0.3158	0.1111	0.2	0.1429	0.1667	0.2857	0.2105
497	4	丈母娘是典型的中国大妈	0.4545	0.2381	0.3125	0.4	0.2	0.2667	0.3333	0.1429	0.2
498	3	5.要重视女性购物者周期性(包括年龄)和感观多样性带来的影响	0.1667	0.4545	0.2439	0.0667	0.2	0.1	0.0	0.0	0.0
499	3	3、理解拒绝的本质(别带入个人情绪)	0.0556	0.0625	0.0588	0.0	0.0	0.0	0.0	0.0	0.0
500	3	10.根据表现雇佣和开除员工	0.2143	0.2308	0.2222	0.1429	0.1667	0.1538	0.0	0.0	0.0
501	3	攻击峰值453.8Gb/s!2、爱奇艺等多家视频企业起诉弹幕网站哔哩哔哩	0.0278	0.0556	0.037	0.0	0.0	0.0	0.0	0.0	0.0
502	3	2.无线数据成通信行业最大的部门	0.125	0.1111	0.1176	0.0	0.0	0.0	0.0	0.0	0.0
503	3	9.发现机遇保持创业激情	0.1667	0.1538	0.16	0.0	0.0	0.0	0.0	0.0	0.0
504	3	用户的真实行为更关键	0.1	0.05	0.0667	0.0	0.0	0.0	0.0	0.0	0.0
505	3	智能手表将会开始拥有智能手机的功能	0.4118	0.5385	0.4667	0.375	0.5	0.4286	0.2	0.25	0.2222
506	3	1.走近年轻人的最好方法	0.5	0.3529	0.4138	0.1667	0.125	0.1429	0.25	0.2	0.2222
507	3	确定创意的实施时间	0.2222	0.1111	0.1481	0.0	0.0	0.0	0.0	0.0	0.0
508	3	《爸爸去哪儿》第2季:国民级亲子真人秀	0.1053	0.125	0.1143	0.0	0.0	0.0	0.0	0.0	0.0
509	3	工业4.0是未来十年通过网络技术来决定生产制造过程	0.0	0.0	0.0	0.0	0.0	0.0	0.0	0.0	0.0
510	3	甚至在某些时候同一个人还可能会是数百个实验的对象	0.1667	0.2	0.1818	0.0833	0.1	0.0909	0.0	0.0	0.0
511	3	是真正体现O2O和C2B模式特点的本地汽车生活服务平台	0.2222	0.2609	0.24	0.0769	0.0909	0.0833	0.1111	0.1429	0.125
512	3	9.追求收益时要善加甄别	0.0	0.0	0.0	0.0	0.0	0.0	0.0	0.0	0.0
513	3	移动学习用户中	1.0	0.35	0.5185	0.6667	0.2	0.3077	0.5	0.1667	0.25
514	3	爱党忧党、兴党护党	0.2222	0.1818	0.2	0.0	0.0	0.0	0.0	0.0	0.0
515	3	流落缅甸的远征军老兵刘辉	0.6667	0.3636	0.4706	0.5	0.2727	0.3529	0.25	0.1429	0.1818
516	3	”这封信经邓子恢、李先念、赵辛初转至黄冈	0.05	0.0526	0.0513	0.0	0.0	0.0	0.0	0.0	0.0
517	3	１５日开始实施的新《消费者权益保护法》	0.2105	0.2353	0.2222	0.0	0.0	0.0	0.0	0.0	0.0
518	3	对作风方面存在问题的党员、干部	0.1333	0.1818	0.1538	0.0	0.0	0.0	0.0	0.0	0.0
519	3	一直都是中国文化对于国家治理、对于社会伦理、对于人生道理的方向指南	0.1212	0.3333	0.1778	0.125	0.3333	0.1818	0.0	0.0	0.0
520	3	③贯彻中国特色社会主义法治理论	0.7333	0.6471	0.6875	0.7143	0.625	0.6667	0.4	0.4	0.4
521	3	遏制网络谣言快速传播	0.0	0.0	0.0	0.0	0.0	0.0	0.0	0.0	0.0
522	3	环保部长陈吉宁表示	0.2222	0.1111	0.1481	0.0	0.0	0.0	0.0	0.0	0.0
523	3	国家网信办宣布启动“网络敲诈和有偿删帖”专项整治工作	0.1923	0.3333	0.2439	0.1538	0.2857	0.2	0.0	0.0	0.0
524	3	推进多边外交以及推动国际体系和全球治理改革始于周边	0.12	0.3333	0.1765	0.0833	0.25	0.125	0.0	0.0	0.0
525	3	买一张由香港出发的车票	0.4545	0.2778	0.3448	0.2	0.1111	0.1429	0.0	0.0	0.0
526	3	备受瞩目的上海原文新传媒集团与解放日报报业集团正式合并	0.3333	0.45	0.383	0.2308	0.3	0.2609	0.0	0.0	0.0
527	3	苏格兰议会向英国内政部提出为“英国最后的女巫”邓肯平反的请求	0.3333	0.4545	0.3846	0.2	0.2727	0.2308	0.2	0.2857	0.2353
528	3	李鸿章却意识到日本崛起是中国隐患	0.75	0.6	0.6667	0.625	0.5	0.5556	0.2	0.1667	0.1818
529	3	根据家长的描述和孩子衣服上的大量奶渍	0.1111	0.1176	0.1143	0.0	0.0	0.0	0.0	0.0	0.0
530	3	直接导致银行活期存款减少	0.3333	0.2353	0.2759	0.1667	0.125	0.1429	0.0	0.0	0.0
531	3	像隔离传染病一样禁止异性接触	0.2143	0.1304	0.1622	0.1429	0.0909	0.1111	0.0	0.0	0.0
532	3	培育和弘扬涵盖公民意识、法制观念、法治文化的社会主义法治理念	0.1	0.1875	0.1304	0.0667	0.125	0.087	0.0	0.0	0.0
533	3	德国的老牌钢铁公司蒂森克虏伯同样也在同60亿欧元的债务做斗争	0.3	0.45	0.36	0.1333	0.2	0.16	0.1	0.1667	0.125
534	3	尽管上半年的电影总票房在国内各大民营电影公司中排名第一	0.037	0.1	0.0541	0.0	0.0	0.0	0.0	0.0	0.0
535	3	社科院的研究人员是党的思想理论文化工作者	0.4	0.3478	0.3721	0.1	0.0909	0.0952	0.1667	0.1429	0.1538
536	3	对一直处在舆论漩涡的中国房地产市场将会产生重大影响	0.12	0.125	0.1224	0.0	0.0	0.0	0.0	0.0	0.0
537	3	在公积金缴存额上存在差异	0.25	0.1765	0.2069	0.1667	0.125	0.1429	0.25	0.2	0.2222
538	3	定位高端的成都九龙仓御园突然大幅降价	0.4444	0.3478	0.3902	0.3333	0.2727	0.3	0.1667	0.1429	0.1538
539	3	侦查范围涉及银行、信托、证券和基金等银行间市场所有参与主体	0.069	0.1	0.0816	0.0	0.0	0.0	0.0	0.0	0.0
540	3	大连市公安局称每匹警马养护费用日均80元	0.45	0.6923	0.5455	0.3	0.5	0.375	0.1667	0.25	0.2
541	3	开奔驰送煎饼外卖、外星人讲座、石头剪刀布、美女老板娘等各种宣传点子络绎不绝	0.1081	0.1905	0.1379	0.0	0.0	0.0	0.0	0.0	0.0
542	3	魅族掌舵者狂人黄章后悔了	0.5	0.3	0.375	0.5	0.3	0.375	0.0	0.0	0.0
543	3	欢聚时代成立独立教育品牌“100教育”	0.1579	0.2	0.1765	0.0	0.0	0.0	0.0	0.0	0.0
544	3	也有包括丹尼尔·勒布和乔治·索罗斯等知名投资者创办的对冲基金公司	0.0312	0.0833	0.0455	0.0	0.0	0.0	0.0	0.0	0.0
545	3	提升市场的核心价值	0.0	0.0	0.0	0.0	0.0	0.0	0.0	0.0	0.0
546	3	兰州一家无声火锅吸引了不少人前去体验	0.3333	0.6	0.4286	0.2222	0.4	0.2857	0.0	0.0	0.0
547	3	维多利亚的秘密内衣秀在伦敦上演	0.2	0.1875	0.1935	0.0	0.0	0.0	0.0	0.0	0.0
548	3	走向成熟的互联网细分领域	0.25	0.1429	0.1818	0.1667	0.1	0.125	0.25	0.1429	0.1818
549	3	滁州市国土资源局向冠景旅游公司下达行政处罚决定书	0.0833	0.087	0.0851	0.0833	0.0909	0.087	0.0	0.0	0.0
550	3	互联网创业者的梦想是独立上市	0.5	0.3333	0.4	0.2857	0.2	0.2353	0.25	0.1429	0.1818
551	3	人们应该看到中国红十字会在救灾行动和社会救助中开展了很多专注且专业的工作	0.1944	0.3684	0.2545	0.0	0.0	0.0	0.0	0.0	0.0
552	3	银行投行业务驶入快车道	0.4545	0.2273	0.303	0.4	0.1818	0.25	0.0	0.0	0.0
553	3	总债务与国内生产总值（GDP）之比在6月底达到了251%	0.1429	0.25	0.1818	0.0714	0.125	0.0909	0.0	0.0	0.0
554	3	小米手机印度禁售事件背后有高通的身影	0.5	0.3913	0.439	0.4444	0.3636	0.4	0.0	0.0	0.0
555	3	印度印度高速铁路公司董事长阿格尼霍特里一行来国家铁路局拜访	0.2414	0.3043	0.2692	0.0	0.0	0.0	0.0	0.0	0.0
556	3	全国人大代表、中国移动高管钟天华回应“套餐内流量到月底清零”等问题时称	0.1429	0.3333	0.2	0.0	0.0	0.0	0.0	0.0	0.0
557	3	中国之声去年10月报道了“土豪大院”的主人赵国富以“农业观光园”项目为幌子	0.0541	0.1333	0.0769	0.0	0.0	0.0	0.0	0.0	0.0
558	3	以及从多位知情和接近该公司的人士处证实	0.0526	0.0435	0.0476	0.0	0.0	0.0	0.0	0.0	0.0
559	3	乐升股份、建中医疗等7家企业作为首批按照全国中小企业股份转让系统新业务规则核准公开转让的企业正式在股转系统挂牌	0.1273	0.3182	0.1818	0.0741	0.1818	0.1053	0.0556	0.1429	0.08
560	3	”一名在北京工作的保定人抱怨道“房价被炒得这么高	0.125	0.15	0.1364	0.0833	0.1	0.0909	0.0	0.0	0.0
561	3	“刺激”已经成为中国经济长期以来的政策依赖和思维惯性	0.2692	0.2917	0.28	0.2308	0.25	0.24	0.0	0.0	0.0
562	3	三是将36项工商登记前置审批事项改为后置审批	0.0909	0.1111	0.1	0.0	0.0	0.0	0.0	0.0	0.0
563	3	小米电视负责人王川认为乐视既做内容	0.4118	0.3043	0.35	0.375	0.2727	0.3158	0.0	0.0	0.0
564	3	国务院总理李克强将于9日开始访问德国、俄罗斯、意大利、联合国粮农组织总部	0.1667	0.375	0.2308	0.1111	0.25	0.1538	0.0833	0.2	0.1176
565	3	总理成为柴火创客空间2015年的首位荣誉会员	0.3636	0.4706	0.4103	0.2727	0.375	0.3158	0.1429	0.2	0.1667
566	3	要重塑世界上两个最大的经济体——美国和中国	0.3333	0.3043	0.3182	0.2	0.1818	0.1905	0.0	0.0	0.0
567	3	中希全面战略伙伴关系深入发展	0.1429	0.1667	0.1538	0.1429	0.1667	0.1538	0.0	0.0	0.0
568	3	1月食品价格总体处于小幅上涨过程	0.25	0.1905	0.2162	0.0	0.0	0.0	0.2	0.1429	0.1667
569	3	美国总统奥巴马向美国银行业联盟发出了明确信息	0.1364	0.1579	0.1463	0.0909	0.1111	0.1	0.1429	0.1667	0.1538
570	3	国务院同意并转发的深化收入分配制度改革意见中载明“研究在适当时期开征遗产税”	0.0789	0.15	0.1034	0.0526	0.1	0.069	0.0833	0.1667	0.1111
571	3	官方如此频繁使用同一个非常态性的“政治术语”	0.1818	0.2222	0.2	0.0909	0.1111	0.1	0.0	0.0	0.0
572	3	资金链断裂连带着揭出仓单质押融资问题会很多	0.0952	0.0909	0.093	0.1	0.0909	0.0952	0.0	0.0	0.0
573	3	发展升级、两型建设、产业转型、城乡建设、民生实事、环境治理等株洲重点、热点、难点问题	0.0476	0.1333	0.0702	0.0	0.0	0.0	0.0	0.0	0.0
574	3	王林凭借他的关系在江西萍乡开的天上人间金尊国际会所	0.16	0.2105	0.1818	0.0833	0.1111	0.0952	0.0	0.0	0.0
575	3	而是分布在重点小学附近、被称作“学区房”的普通住宅	0.12	0.1429	0.1304	0.0833	0.1	0.0909	0.0	0.0	0.0
576	3	做不了大牌	0.2	0.0667	0.1	0.0	0.0	0.0	0.0	0.0	0.0
577	3	中国经济总量29日超过美国	0.8462	0.4783	0.6111	0.6667	0.3636	0.4706	0.25	0.1429	0.1818
578	3	人口、交通以及环境问题都严重困扰着北京	0.1579	0.2	0.1765	0.1111	0.1429	0.125	0.0	0.0	0.0
579	3	结构性瓶颈依然制约着印度经济增长、特别是制造业的增长	0.1538	0.2	0.1739	0.0769	0.1	0.087	0.0	0.0	0.0
580	3	不少地方公积金提取存在“手续繁”、“到账晚”、“限制多”等问题	0.2258	0.3182	0.2642	0.1333	0.1818	0.1538	0.1	0.1429	0.1176
581	3	市场就没法发挥决定性作用	0.0	0.0	0.0	0.0	0.0	0.0	0.0	0.0	0.0
582	3	梳理李克强总理为期9天的出访行程	0.3125	0.3333	0.3226	0.25	0.2857	0.2667	0.2	0.2	0.2
583	3	曾组织了一个签署行业自律公约的座谈会	0.1111	0.0909	0.1	0.0	0.0	0.0	0.0	0.0	0.0
584	3	在体制机制上进行了积极探索创新	0.1333	0.1053	0.1176	0.0	0.0	0.0	0.0	0.0	0.0
585	3	有投资人在网贷之家论坛上爆料一家名为“荣锦创投”的北京平台昨日(11月19日)刚上线就跑路	0.2667	0.5714	0.3636	0.1818	0.4	0.25	0.0	0.0	0.0
586	3	低温经济下的豪客消费似乎成了新的经济增长点	0.0952	0.125	0.1081	0.0	0.0	0.0	0.0	0.0	0.0
587	3	在中国的产能却呈现激进的扩张态势	0.1875	0.15	0.1667	0.125	0.1	0.1111	0.2	0.1667	0.1818
588	3	针对公众和媒体对太极股份1.99亿元中标新一代铁路客票系统一期工程一事的争议	0.2368	0.5625	0.3333	0.2105	0.5	0.2963	0.0	0.0	0.0
589	3	而在外面吸引粉丝的情怀好比外衣	0.2	0.2	0.2	0.1429	0.1429	0.1429	0.0	0.0	0.0
590	3	2、黄太吉的豆腐脑没有想象中难吃	0.1875	0.1364	0.1579	0.125	0.0909	0.1053	0.2	0.1429	0.1667
591	3	委员如果没有参政议政的热情	0.1538	0.0909	0.1143	0.0	0.0	0.0	0.0	0.0	0.0
592	3	NFL乌鸦队球星雷米在电梯里把未婚妻殴打在地	0.1818	0.1739	0.1778	0.0909	0.0909	0.0909	0.1429	0.1429	0.1429
593	3	学院将最终颁发出小金人	0.0909	0.0476	0.0625	0.0	0.0	0.0	0.0	0.0	0.0
594	3	对在转型元年中国企业所做的积极探索进行归纳和整理	0.0	0.0	0.0	0.0	0.0	0.0	0.0	0.0	0.0
595	3	可能意味着京东将在接下来的价格战中继续祭出杀招	0.2609	0.3158	0.2857	0.1818	0.2222	0.2	0.0	0.0	0.0
596	3	“有传闻称新华保险的外资股东苏黎世保险欲沽空新华保险H股	0.3571	0.4762	0.4082	0.2857	0.4	0.3333	0.0	0.0	0.0
597	3	下面一起回顾一下这些年IT行业部分反垄断案吧	0.4545	0.4545	0.4545	0.2727	0.2727	0.2727	0.2857	0.2857	0.2857
598	3	俄罗斯连续第四个月增持黄金	0.3077	0.2222	0.2581	0.3333	0.2222	0.2667	0.0	0.0	0.0
599	3	一切关于贵州茅台的争论都只是口水仗	0.2941	0.2174	0.25	0.25	0.1818	0.2105	0.2	0.1429	0.1667
600	3	中国未来应该出现做到几十亿元规模的公司	0.0526	0.0526	0.0526	0.0	0.0	0.0	0.0	0.0	0.0
601	3	燕达医院有望成为首个与北京医保互通的异地医院	0.3636	0.4706	0.4103	0.2727	0.375	0.3158	0.0	0.0	0.0
602	3	俄罗斯受到的经济制裁不断升级将会对该国的投资环境造成不断恶化的宏观经济影响	0.1351	0.25	0.1754	0.0556	0.1	0.0714	0.0833	0.1667	0.1111
603	3	限价仅为9500元/平的自住房满庭春项目昨日开始选房	0.1154	0.2143	0.15	0.0769	0.1429	0.1	0.125	0.25	0.1667
604	3	”上海某大型券商投行人士表示	0.1429	0.0909	0.1111	0.0	0.0	0.0	0.0	0.0	0.0
605	3	影子银行规模的持续膨胀再次成为过度透支信用、挑战全球金融体系的不稳定因素	0.2222	0.4211	0.2909	0.1667	0.3333	0.2222	0.0	0.0	0.0
606	3	”“这次舆论争议可能是倒逼落实‘税收法定’原则的一个机会	0.1429	0.1818	0.16	0.0714	0.0909	0.08	0.0	0.0	0.0
607	3	最近刚刚宣判的原农行副行长杨琨利用个人手中权力谋取利益3000多万元	0.0588	0.0952	0.0727	0.0	0.0	0.0	0.0	0.0	0.0
608	3	“中国的政府和官员们需要放弃‘强人政治’话语体系	0.1667	0.1818	0.1739	0.0	0.0	0.0	0.0	0.0	0.0
609	3	随首批用户年龄增长及MSN退出中国	0.0588	0.0526	0.0556	0.0	0.0	0.0	0.0	0.0	0.0
610	3	阿里巴巴和云锋基金以12.2亿美元购得优酷土豆A股普通股7.2亿股	0.0	0.0	0.0	0.0	0.0	0.0	0.0	0.0	0.0
611	3	孔丹长期就职于以金融为主业的控股公司中国光大(集团)有限公司	0.2667	0.5	0.3478	0.2	0.375	0.2609	0.0	0.0	0.0
612	3	用中国式办法破解这个世界性难题	0.6	0.6429	0.6207	0.4286	0.4286	0.4286	0.4	0.5	0.4444
613	3	各地中小学还要开展餐饮消费、办公用纸、家庭用水等情况的社会调查	0.1935	0.2727	0.2264	0.0667	0.0909	0.0769	0.1	0.1429	0.1176
614	3	马英九总统也在差不多时间出席新竹生医产业及育成中心开幕典礼	0.1034	0.1765	0.1304	0.0714	0.125	0.0909	0.1111	0.2	0.1429
615	3	为中国与中东欧国家传统友谊的延伸铺路架桥	0.1	0.125	0.1111	0.0	0.0	0.0	0.0	0.0	0.0
616	3	允许双重国籍有利于大量引进海外华裔人才、技术、资金和管理经验	0.2	0.3	0.24	0.1333	0.2	0.16	0.1	0.1667	0.125
617	3	检查发现有些收费基本没有提供服务	0.5	0.381	0.4324	0.25	0.2	0.2222	0.0	0.0	0.0
618	3	对于互联网金融概念下的资本运作	0.4	0.3	0.3429	0.2857	0.2	0.2353	0.2	0.1667	0.1818
619	3	昨日计划赴港上市的实时社交视频平台天鸽互动启动路演	0.36	0.45	0.4	0.25	0.3	0.2727	0.125	0.1667	0.1429
620	3	迅雷CEO邹胜龙今日在接受腾讯科技专访时依然难以掩饰心中的喜悦	0.3548	0.55	0.4314	0.2667	0.4	0.32	0.1	0.1667	0.125
621	3	究竟是与中国经济脱不开关系的房地产行业面临大	0.0455	0.0556	0.05	0.0	0.0	0.0	0.0	0.0	0.0
622	3	有酒店的负责人表示因为中央“八项规定”“六项禁令”和反“四风”	0.129	0.2353	0.1667	0.0667	0.125	0.087	0.0	0.0	0.0
623	3	因此不打算公布采用恒天然奶源的中国企业名单	0.1429	0.1364	0.1395	0.1	0.0909	0.0952	0.0	0.0	0.0
624	3	根据形势变化适时适度进行预调微调""的表述并没有出现	0.2308	0.4	0.2927	0.1538	0.2857	0.2	0.0	0.0	0.0
625	3	全城只用了3分钟就将苹果开放的实体店预购额度抢光	0.0	0.0	0.0	0.0	0.0	0.0	0.0	0.0	0.0
626	3	本周黄金价格下跌1.9%	0.4167	0.2174	0.2857	0.0	0.0	0.0	0.0	0.0	0.0
627	3	2014年APEC北京会议将亚太合作带入新一轮“中国时间”	0.2069	0.5	0.2927	0.2143	0.5	0.3	0.1111	0.25	0.1538
628	3	针对有消息称中石油旗下港股上市公司昆仑能源董事长温青山遭协助调查一事	0.3824	0.5652	0.4561	0.2941	0.4545	0.3571	0.2727	0.4286	0.3333
629	3	现在的实习生不少是通过VIP客户渠道取得机会的	0.1739	0.1905	0.1818	0.0909	0.1	0.0952	0.1429	0.1429	0.1429
630	3	叫停对正大集团收购平安股权440亿港元的贷款	0.4545	0.5	0.4762	0.3636	0.4	0.381	0.1429	0.1667	0.1538
631	3	北京等外地市民涌入保定买房已成为当地的乐谈	0.2381	0.2273	0.2326	0.2	0.1818	0.1905	0.0	0.0	0.0
632	3	吴官正在读完《朱镕基讲话实录》后	0.1875	0.1304	0.1538	0.125	0.0909	0.1053	0.2	0.1429	0.1667
633	3	比如郑东新区就逐渐承担了老城区人口的转移	0.1	0.1	0.1	0.0	0.0	0.0	0.0	0.0	0.0
634	3	另一方面则反映了被一位分析师称为是一种“房子坏了就盖新的”心理	0.0968	0.1765	0.125	0.0	0.0	0.0	0.0	0.0	0.0
635	3	二是在多个不相关行业公司担任高管的人群	0.1579	0.1429	0.15	0.1111	0.1	0.1053	0.0	0.0	0.0
636	3	陕西咸阳双泉村垃圾站发现一名死亡女婴	0.2778	0.2273	0.25	0.2222	0.1818	0.2	0.0	0.0	0.0
637	3	生活在雾霾里的日子	0.4444	0.2857	0.3478	0.0	0.0	0.0	0.3333	0.25	0.2857
638	3	仿佛房地产市场预期是非理性的、对“屡调屡涨”市场走势的简单或适应性外推	0.0286	0.1111	0.0455	0.0	0.0	0.0	0.0	0.0	0.0
639	3	警方办的17起案件中有15件可能是错案	0.1053	0.1333	0.1176	0.0	0.0	0.0	0.0	0.0	0.0
640	3	该项目收益将根据电影的票房而定	0.2	0.1429	0.1667	0.1429	0.1	0.1176	0.0	0.0	0.0
641	3	深圳社保局被网络举报称挪用社保基金开公司	0.5	0.5263	0.5128	0.3	0.3333	0.3158	0.1667	0.1667	0.1667
642	3	库珀只眼睁睁地看着看着宇宙另一头的儿子考上大学、结婚、生子、丧子……却无能为力	0.0256	0.0588	0.0357	0.0	0.0	0.0	0.0	0.0	0.0
643	3	北大荒年报中出现把金额单位“万元”误写成“元”	0.4783	0.5789	0.5238	0.3636	0.4444	0.4	0.2857	0.3333	0.3077
644	3	而结构改革和产业升级才是改善就业的良方	0.1579	0.3333	0.2143	0.1111	0.25	0.1538	0.1667	0.3333	0.2222
645	3	当地政府对解决施工方和村民的矛盾	0.1875	0.1667	0.1765	0.0	0.0	0.0	0.0	0.0	0.0
646	3	10月17日至29日更将举办广州老字号购物节	0.1364	0.15	0.1429	0.0909	0.1	0.0952	0.1429	0.1667	0.1538
647	3	对已经五六十岁的人不会明显增加患肺癌的风险	0.1429	0.1579	0.15	0.0	0.0	0.0	0.0	0.0	0.0
648	3	分析人士认为这项支出可能与支付宝股权转移事件中对雅虎、软银的补偿条款变更有关	0.0263	0.0556	0.0357	0.0	0.0	0.0	0.0	0.0	0.0
649	3	数字媒体、消费行为、数字营销都需要重新定义	0.2857	0.3	0.2927	0.2	0.2	0.2	0.0	0.0	0.0
650	3	但是笔者想到了陈光标收购计划的第三种可能——中国富豪正在把财富转移到海外	0.1111	0.3333	0.1667	0.0	0.0	0.0	0.0	0.0	0.0
651	3	得知薪酬和福利的发放计划后	0.0769	0.0909	0.0833	0.0	0.0	0.0	0.0	0.0	0.0
652	3	今年上榜《财富》世界500强排的中国公司数量创纪录地达到了100家	0.303	0.4545	0.3636	0.1875	0.2727	0.2222	0.0909	0.1429	0.1111
653	3	有媒体报道证实了去年秋天宣布的降低英语重要性的计划	0.04	0.0625	0.0488	0.0	0.0	0.0	0.0	0.0	0.0
654	3	@淘宝网宣布下周将公布店铺过户细则草案并征求网友意见	0.3462	0.4286	0.383	0.1538	0.2	0.1739	0.0	0.0	0.0
655	3	银行间隔夜回购利率最高达到史无前例的30%	0.0952	0.125	0.1081	0.1	0.125	0.1111	0.0	0.0	0.0
656	3	集团整体将采取何种方式登陆资本市场	0.2941	0.2083	0.2439	0.25	0.1667	0.2	0.0	0.0	0.0
657	3	通过微信公众平台开设的店铺无法使用支付宝付款	0.5	0.5789	0.5366	0.3636	0.4444	0.4	0.1429	0.1667	0.1538
658	3	近日武汉地王——月湖九龙仓项目“超低”开盘价让市场惊讶	0.2222	0.3158	0.2609	0.0	0.0	0.0	0.1111	0.1667	0.1333
659	3	当你看到主持人是有CCTV与哈佛背景的艾诚女士、嘉宾是""WEB1.0元老""张朝阳、知名财经作家吴晓波时	0.0566	0.3	0.0952	0.0	0.0	0.0	0.0	0.0	0.0
660	3	得知薪酬和福利的发放计划后	0.0769	0.0909	0.0833	0.0	0.0	0.0	0.0	0.0	0.0
661	3	头疼胸闷、手心出汗	0.0	0.0	0.0	0.0	0.0	0.0	0.0	0.0	0.0
662	3	三星刚刚在苹果的“大本营”美国发布平板电脑	0.2857	0.3529	0.3158	0.3	0.375	0.3333	0.0	0.0	0.0
663	3	4.他们的锋芒是对着毛泽东同志	0.0667	0.0455	0.0541	0.0	0.0	0.0	0.0	0.0	0.0
664	3	都在大战略上实施着自己的小战术——有的意欲阻止	0.0	0.0	0.0	0.0	0.0	0.0	0.0	0.0	0.0
665	3	其总弊根是深植于“私接权力管道”的政治结构	0.0952	0.0952	0.0952	0.0	0.0	0.0	0.0	0.0	0.0
666	3	目前四个一线城市已成交土地总金额4783.2亿元	0.25	0.3	0.2727	0.25	0.3	0.2727	0.125	0.1667	0.1429
667	3	LG4G手机销量告捷	0.2	0.1538	0.1739	0.0	0.0	0.0	0.0	0.0	0.0
668	3	推销高铁换来大米应该是比较明确的发展方向	0.25	0.25	0.25	0.2	0.2	0.2	0.0	0.0	0.0
669	3	才能得到人民和社会的理解	0.0833	0.0476	0.0606	0.0	0.0	0.0	0.0	0.0	0.0
670	3	跑马拉松始终有一个情形	0.1818	0.1818	0.1818	0.0	0.0	0.0	0.0	0.0	0.0
671	3	必须进一步深化国有企业改革和建立地方政府规范的财政预算体制	0.069	0.1053	0.0833	0.0	0.0	0.0	0.0	0.0	0.0
672	3	在中国这个体制下谁是演员呢	0.6923	0.4737	0.5625	0.5	0.3333	0.4	0.0	0.0	0.0
673	3	城市居民的基本住房需求已得到满足	0.0625	0.0455	0.0526	0.0	0.0	0.0	0.0	0.0	0.0
674	3	缓解高峰时段客流压力	0.0	0.0	0.0	0.0	0.0	0.0	0.0	0.0	0.0
675	3	坐拥400亿资产的四川富豪刘汉兄弟因涉嫌组织黑社会被检方提起公诉	0.0938	0.2	0.1277	0.0	0.0	0.0	0.0	0.0	0.0
676	3	这些风车是华创风能有限公司风电主机生产项目一期工程	0.12	0.2308	0.1579	0.0	0.0	0.0	0.0	0.0	0.0
677	3	是“全面深化改革的关键之年”	0.8571	0.5714	0.6857	0.7143	0.5	0.5882	0.5	0.2857	0.3636
678	3	南京板桥的居民发现	0.3333	0.1667	0.2222	0.25	0.1111	0.1538	0.3333	0.1667	0.2222
679	3	输入2013年中国高收入组人均可支配收入56389元对比	0.1786	0.2273	0.2	0.1429	0.1818	0.16	0.1111	0.1429	0.125
680	3	以大屏、中屏、小屏等多屏环绕一“云”（内容）的方式	0.12	0.1667	0.1395	0.0	0.0	0.0	0.0	0.0	0.0
681	3	广西宜州市市长周飞表示	0.0	0.0	0.0	0.0	0.0	0.0	0.0	0.0	0.0
682	3	《新闻联播》节目要求主播提前3个小时到岗准备	0.1364	0.125	0.1304	0.0909	0.0833	0.087	0.0	0.0	0.0
683	3	当地教育革命展览中出现《大义灭亲的中学生张红兵和反革命母亲坚决斗争的英勇事迹》展板	0.2195	0.4286	0.2903	0.1	0.2	0.1333	0.0769	0.1429	0.1
684	3	理由有工作压力大、考研出国忙、偷懒和拖延症等	0.0455	0.0909	0.0606	0.0	0.0	0.0	0.0	0.0	0.0
685	3	加上专门为抢票设计的外挂程序	0.0	0.0	0.0	0.0	0.0	0.0	0.0	0.0	0.0
686	3	就可办理现行普通护照、往来港澳通行证和签注、往来台湾通行证和签注三类出入境证件及签注	0.1905	0.381	0.254	0.0952	0.2	0.129	0.0714	0.1429	0.0952
687	3	在知乎分析社区的成长、社区UGC内容的走向以及未来商业化运作时候所参考的数据	0.1842	0.5833	0.28	0.1053	0.3333	0.16	0.0	0.0	0.0
688	3	YY音乐这种商业模式和收费方式让很多人嗤之以鼻	0.2174	0.2273	0.2222	0.1818	0.1818	0.1818	0.1429	0.1429	0.1429
689	3	美国“烧脑大片”《星际穿越》正在热映	0.3889	0.3684	0.3784	0.2222	0.2222	0.2222	0.3333	0.3333	0.3333
690	3	推进智慧城市管家试点工作	0.5	0.375	0.4286	0.5	0.375	0.4286	0.25	0.2	0.2222
691	3	但众包所产生的劣质信息在发酵	0.2143	0.1364	0.1667	0.1429	0.0909	0.1111	0.0	0.0	0.0
692	3	就会发现只要我们顺利的完成今年188亿的目标	0.0909	0.1176	0.1026	0.0	0.0	0.0	0.0	0.0	0.0
693	3	今年已有64家P2P网贷平台出现困难或倒闭	0.6667	0.875	0.7568	0.6	0.75	0.6667	0.5714	0.8	0.6667
694	3	这已是GDP增速连续第七季度回落	0.5	0.4444	0.4706	0.25	0.2222	0.2353	0.2	0.1667	0.1818
695	3	但是宁波港的吞吐量增幅经常超过上海港	0.3889	0.5	0.4375	0.2222	0.2857	0.25	0.3333	0.5	0.4
696	3	全国工业生产者出厂价格同比下降2.3%	0.2105	0.25	0.2286	0.0	0.0	0.0	0.0	0.0	0.0
697	3	中国自07年起成为日本最大的贸易国	0.1176	0.1667	0.1379	0.0	0.0	0.0	0.0	0.0	0.0
698	3	虽然其他搜索引擎并未在收入方面实现大规模突破	0.0909	0.1538	0.1143	0.0	0.0	0.0	0.0	0.0	0.0
699	3	记者日前从光明食品集团旗下光明森源生物科技有限公司获悉	0.1481	0.25	0.186	0.1538	0.25	0.1905	0.1111	0.2	0.1429
700	3	51岁的成都游客孙川与朋友在斯里兰卡迪克维拉海岸游泳	0.0	0.0	0.0	0.0	0.0	0.0	0.0	0.0	0.0
701	3	了解更多中国互联网用户“三权”保护研讨会嘉宾精彩发言	0.4231	0.6471	0.5116	0.3077	0.5	0.381	0.125	0.2	0.1538
702	3	上海家化（600315）披露了2013年年度报告	0.2083	0.3571	0.2632	0.1667	0.2857	0.2105	0.125	0.25	0.1667
703	3	2011年绝大部分零售企业营业收入较2010年均呈现增长态势	0.1667	0.3571	0.2273	0.0667	0.1429	0.0909	0.0	0.0	0.0
704	3	日本首相安倍晋三昨天宣布把放宽限制作为重点的经济增长战略第三轮计划	0.1818	0.5455	0.2727	0.0625	0.2	0.0952	0.0909	0.3333	0.1429
705	3	上海70岁的徐阿婆想到的不是窃喜	0.25	0.25	0.25	0.25	0.25	0.25	0.0	0.0	0.0
706	3	百洋股份、煌上煌、红旗连锁三只中小板新股今日挂牌上市	0.3462	0.6429	0.45	0.2308	0.4286	0.3	0.125	0.25	0.1667
707	3	这使得一些本来将公众账号作为营销平台的企业颇受影响	0.0	0.0	0.0	0.0	0.0	0.0	0.0	0.0	0.0
708	3	反腐败高压态势必须继续保持	0.0	0.0	0.0	0.0	0.0	0.0	0.0	0.0	0.0
709	3	北京对适龄孩子进行信息采集	0.2308	0.2143	0.2222	0.1667	0.1429	0.1538	0.0	0.0	0.0
710	3	《教父》影响世界观孟导的最爱还是《教父》之类的世界经典	0.4815	0.5909	0.5306	0.2308	0.2727	0.25	0.3333	0.4286	0.375
711	3	镁离子电池相比锂电池能量密度提升了近一倍	0.5	0.4348	0.4651	0.4	0.3636	0.381	0.3333	0.2857	0.3077
712	3	实际使用并不能完全放弃传统钥匙	0.1333	0.1333	0.1333	0.1429	0.1429	0.1429	0.0	0.0	0.0
713	3	作为国内首款紧凑型三厢纯电动车	0.2	0.1304	0.1579	0.0	0.0	0.0	0.0	0.0	0.0
714	3	《虎胆龙威5》确定档期3月14日全国上映《虎胆龙威5》正式宣布将于3月14日登陆内地院线	0.4545	1.0	0.625	0.3182	0.7	0.4375	0.3571	0.8333	0.5
715	3	字贬值到100万元——名分竟使作品价格暴涨10倍？	0.04	0.05	0.0444	0.0	0.0	0.0	0.0	0.0	0.0
716	3	是功能机和地图服务部门的利润保证了诺基亚2013年四季度的整体盈利	0.1818	0.2609	0.2143	0.0625	0.0909	0.0741	0.0909	0.1429	0.1111
717	3	所有投资人都希望自己手里的项目没有风险并能获得可靠的收益	0.1786	0.2778	0.2174	0.0	0.0	0.0	0.0	0.0	0.0
718	3	记者抵达深圳龙华区清湖路上的深圳愿景光电子有限公司	0.08	0.0952	0.087	0.0833	0.1	0.0909	0.0	0.0	0.0
719	3	亚洲资源企业正逐步成长为全球巨头	0.5	0.4444	0.4706	0.5	0.4444	0.4706	0.2	0.1667	0.1818
720	3	占全国当年检出不合格工业品的22.37%	0.25	0.2381	0.2439	0.1	0.1	0.1	0.0	0.0	0.0
721	3	5万台小米手机将在新浪微博专场销售	0.3529	0.5455	0.4286	0.25	0.4	0.3077	0.0	0.0	0.0
722	3	有关金砖银行的总部地点选择的讨论已经到了白热化的程度	0.3077	0.3478	0.3265	0.2308	0.2727	0.25	0.125	0.1429	0.1333
723	3	考拉君想起《奶茶妹妹百万炒作团队浮出水面》	0.0	0.0	0.0	0.0	0.0	0.0	0.0	0.0	0.0
724	3	套取人持全套合法有效购房手续提取公积金后	0.2	0.1905	0.1951	0.1	0.1	0.1	0.1667	0.1429	0.1538
